           1   0.73017873E-05   0.13941038E-03   0.13228014E-03   0.17154893E-06
           2   0.33725348E-05   0.64828455E-04   0.61512760E-04   0.56839462E-07
           3   0.19717767E-05   0.37952199E-04   0.36011108E-04   0.30685751E-07
           4   0.11521938E-05   0.22175199E-04   0.21041033E-04   0.18028183E-07
           5   0.67064161E-06   0.12908547E-04   0.12248331E-04   0.10425188E-07
           6   0.39748425E-06   0.76507672E-05   0.72594635E-05   0.61805685E-08
           7   0.24924596E-06   0.47980235E-05   0.45526253E-05   0.38477932E-08
           8   0.17005811E-06   0.32746938E-05   0.31072073E-05   0.25716694E-08
           9   0.12788966E-06   0.24639152E-05   0.23378966E-05   0.18710457E-08
          10   0.10484447E-06   0.20208103E-05   0.19174546E-05   0.14887559E-08
          11   0.91813768E-07   0.17702403E-05   0.16797002E-05   0.12736256E-08
          12   0.84222350E-07   0.16242529E-05   0.15411794E-05   0.11488326E-08
          13   0.79694614E-07   0.15371753E-05   0.14585554E-05   0.10747393E-08
          14   0.76949169E-07   0.14843729E-05   0.14084536E-05   0.10299101E-08
          15   0.75265677E-07   0.14519934E-05   0.13777302E-05   0.10024890E-08
          16   0.74225332E-07   0.14319831E-05   0.13587433E-05   0.98558545E-09
          17   0.73579600E-07   0.14195630E-05   0.13469585E-05   0.97508694E-09
          18   0.73177354E-07   0.14118257E-05   0.13396169E-05   0.96856812E-09
          19   0.72926372E-07   0.14069982E-05   0.13350363E-05   0.96449396E-09
          20   0.72769634E-07   0.14039834E-05   0.13321757E-05   0.96194959E-09
          21   0.72671508E-07   0.14020958E-05   0.13303847E-05   0.96036621E-09
          22   0.72610265E-07   0.14009180E-05   0.13292671E-05   0.95936395E-09
          23   0.72571832E-07   0.14001786E-05   0.13285655E-05   0.95874925E-09
          24   0.72547822E-07   0.13997168E-05   0.13281273E-05   0.95835577E-09
          25   0.72532830E-07   0.13994284E-05   0.13278537E-05   0.95811171E-09
          26   0.72523340E-07   0.13992458E-05   0.13276804E-05   0.95796393E-09
          27   0.72517536E-07   0.13991343E-05   0.13275747E-05   0.95786092E-09
          28   0.72513780E-07   0.13990619E-05   0.13275059E-05   0.95780888E-09
          29   0.72511496E-07   0.13990181E-05   0.13274643E-05   0.95776610E-09
          30   0.72510076E-07   0.13989908E-05   0.13274384E-05   0.95774384E-09
          31   0.72509102E-07   0.13989719E-05   0.13274206E-05   0.95773258E-09
          32   0.72508624E-07   0.13989629E-05   0.13274120E-05   0.95771656E-09
          33   0.72508191E-07   0.13989544E-05   0.13274039E-05   0.95771877E-09
          34   0.72508010E-07   0.13989511E-05   0.13274008E-05   0.95770877E-09
          35   0.72507881E-07   0.13989485E-05   0.13273983E-05   0.95770919E-09
          36   0.72507737E-07   0.13989457E-05   0.13273957E-05   0.95770973E-09
          37   0.72507767E-07   0.13989464E-05   0.13273964E-05   0.95770293E-09
          38   0.72507649E-07   0.13989440E-05   0.13273940E-05   0.95771027E-09
          39   0.72507683E-07   0.13989448E-05   0.13273948E-05   0.95770272E-09
          40   0.72507662E-07   0.13989443E-05   0.13273943E-05   0.95770659E-09
          41   0.72507611E-07   0.13989433E-05   0.13273934E-05   0.95770686E-09
          42   0.72507684E-07   0.13989448E-05   0.13273948E-05   0.95770201E-09
          43   0.72507593E-07   0.13989429E-05   0.13273930E-05   0.95770947E-09
          44   0.72507659E-07   0.13989443E-05   0.13273944E-05   0.95770171E-09
          45   0.72507632E-07   0.13989437E-05   0.13273938E-05   0.95770703E-09
          46   0.72507605E-07   0.13989432E-05   0.13273933E-05   0.95770587E-09
          47   0.72507674E-07   0.13989446E-05   0.13273946E-05   0.95770243E-09
          48   0.72507585E-07   0.13989427E-05   0.13273929E-05   0.95770927E-09
          49   0.72507663E-07   0.13989444E-05   0.13273944E-05   0.95770131E-09
          50   0.72507621E-07   0.13989435E-05   0.13273936E-05   0.95770770E-09
          51   0.72507612E-07   0.13989433E-05   0.13273934E-05   0.95770503E-09
          52   0.72507669E-07   0.13989445E-05   0.13273945E-05   0.95770307E-09
          53   0.72507584E-07   0.13989427E-05   0.13273928E-05   0.95770899E-09
          54   0.72507668E-07   0.13989445E-05   0.13273945E-05   0.95770110E-09
          55   0.72507612E-07   0.13989433E-05   0.13273934E-05   0.95770830E-09
          56   0.72507620E-07   0.13989435E-05   0.13273936E-05   0.95770422E-09
          57   0.72507663E-07   0.13989444E-05   0.13273944E-05   0.95770380E-09
          58   0.72507584E-07   0.13989427E-05   0.13273929E-05   0.95770858E-09
          59   0.72507672E-07   0.13989446E-05   0.13273946E-05   0.95770106E-09
          60   0.72507604E-07   0.13989431E-05   0.13273932E-05   0.95770879E-09
          61   0.72507629E-07   0.13989437E-05   0.13273938E-05   0.95770346E-09
          62   0.72507656E-07   0.13989442E-05   0.13273943E-05   0.95770459E-09
          63   0.72507587E-07   0.13989428E-05   0.13273929E-05   0.95770803E-09
          64   0.72507675E-07   0.13989446E-05   0.13273947E-05   0.95770118E-09
          65   0.72507597E-07   0.13989430E-05   0.13273931E-05   0.95770914E-09
          66   0.72507638E-07   0.13989439E-05   0.13273940E-05   0.95770276E-09
          67   0.72507648E-07   0.13989440E-05   0.13273941E-05   0.95770541E-09
          68   0.72507591E-07   0.13989429E-05   0.13273930E-05   0.95770738E-09
          69   0.72507676E-07   0.13989447E-05   0.13273947E-05   0.95770145E-09
          70   0.72507592E-07   0.13989429E-05   0.13273930E-05   0.95770934E-09
          71   0.72507647E-07   0.13989441E-05   0.13273941E-05   0.95770215E-09
          72   0.72507639E-07   0.13989439E-05   0.13273939E-05   0.95770621E-09
          73   0.72507597E-07   0.13989430E-05   0.13273931E-05   0.95770665E-09
          74   0.72507675E-07   0.13989446E-05   0.13273947E-05   0.95770186E-09
          75   0.72507587E-07   0.13989428E-05   0.13273929E-05   0.95770938E-09
          76   0.72507655E-07   0.13989442E-05   0.13273943E-05   0.95770166E-09
          77   0.72507630E-07   0.13989437E-05   0.13273937E-05   0.95770698E-09
          78   0.72507604E-07   0.13989432E-05   0.13273933E-05   0.95770586E-09
          79   0.72507673E-07   0.13989446E-05   0.13273946E-05   0.95770241E-09
          80   0.72507584E-07   0.13989427E-05   0.13273928E-05   0.95770927E-09
          81   0.72507662E-07   0.13989444E-05   0.13273944E-05   0.95770131E-09
          82   0.72507621E-07   0.13989435E-05   0.13273936E-05   0.95770768E-09
          83   0.72507612E-07   0.13989433E-05   0.13273934E-05   0.95770504E-09
          84   0.72507669E-07   0.13989445E-05   0.13273945E-05   0.95770306E-09
          85   0.72507583E-07   0.13989427E-05   0.13273928E-05   0.95770900E-09
          86   0.72507668E-07   0.13989445E-05   0.13273945E-05   0.95770111E-09
          87   0.72507613E-07   0.13989433E-05   0.13273934E-05   0.95770829E-09
          88   0.72507620E-07   0.13989435E-05   0.13273936E-05   0.95770424E-09
          89   0.72507663E-07   0.13989444E-05   0.13273944E-05   0.95770379E-09
          90   0.72507584E-07   0.13989427E-05   0.13273929E-05   0.95770858E-09
          91   0.72507672E-07   0.13989446E-05   0.13273946E-05   0.95770106E-09
          92   0.72507605E-07   0.13989431E-05   0.13273932E-05   0.95770878E-09
          93   0.72507629E-07   0.13989437E-05   0.13273938E-05   0.95770347E-09
          94   0.72507656E-07   0.13989442E-05   0.13273943E-05   0.95770458E-09
          95   0.72507587E-07   0.13989428E-05   0.13273929E-05   0.95770804E-09
          96   0.72507675E-07   0.13989446E-05   0.13273947E-05   0.95770117E-09
          97   0.72507597E-07   0.13989430E-05   0.13273931E-05   0.95770913E-09
          98   0.72507638E-07   0.13989439E-05   0.13273940E-05   0.95770277E-09
          99   0.72507648E-07   0.13989440E-05   0.13273941E-05   0.95770539E-09
         100   0.72507591E-07   0.13989429E-05   0.13273930E-05   0.95770739E-09
         101   0.72507676E-07   0.13989447E-05   0.13273947E-05   0.95770144E-09
         102   0.72507592E-07   0.13989429E-05   0.13273930E-05   0.95770934E-09
         103   0.72507647E-07   0.13989441E-05   0.13273941E-05   0.95770216E-09
         104   0.72507639E-07   0.13989439E-05   0.13273939E-05   0.95770620E-09
         105   0.72507597E-07   0.13989430E-05   0.13273931E-05   0.95770666E-09
         106   0.72507675E-07   0.13989446E-05   0.13273947E-05   0.95770186E-09
         107   0.72507587E-07   0.13989428E-05   0.13273929E-05   0.95770938E-09
         108   0.72507655E-07   0.13989442E-05   0.13273943E-05   0.95770167E-09
         109   0.72507630E-07   0.13989437E-05   0.13273937E-05   0.95770697E-09
         110   0.72507604E-07   0.13989432E-05   0.13273933E-05   0.95770587E-09
         111   0.72507673E-07   0.13989446E-05   0.13273946E-05   0.95770240E-09
         112   0.72507584E-07   0.13989427E-05   0.13273928E-05   0.95770927E-09
         113   0.72507662E-07   0.13989444E-05   0.13273944E-05   0.95770131E-09
         114   0.72507621E-07   0.13989435E-05   0.13273936E-05   0.95770767E-09
         115   0.72507611E-07   0.13989433E-05   0.13273934E-05   0.95770506E-09
         116   0.72507669E-07   0.13989445E-05   0.13273945E-05   0.95770305E-09
         117   0.72507583E-07   0.13989427E-05   0.13273928E-05   0.95770900E-09
         118   0.72507668E-07   0.13989445E-05   0.13273945E-05   0.95770111E-09
         119   0.72507613E-07   0.13989433E-05   0.13273934E-05   0.95770828E-09
         120   0.72507620E-07   0.13989435E-05   0.13273936E-05   0.95770425E-09
         121   0.72507663E-07   0.13989444E-05   0.13273944E-05   0.95770378E-09
         122   0.72507584E-07   0.13989427E-05   0.13273929E-05   0.95770859E-09
         123   0.72507672E-07   0.13989446E-05   0.13273946E-05   0.95770106E-09
         124   0.72507605E-07   0.13989431E-05   0.13273932E-05   0.95770877E-09
         125   0.72507629E-07   0.13989437E-05   0.13273938E-05   0.95770348E-09
         126   0.72507656E-07   0.13989442E-05   0.13273943E-05   0.95770457E-09
         127   0.72507587E-07   0.13989428E-05   0.13273929E-05   0.95770805E-09
         128   0.72507675E-07   0.13989446E-05   0.13273947E-05   0.95770117E-09
         129   0.72507598E-07   0.13989430E-05   0.13273931E-05   0.95770913E-09
         130   0.72507638E-07   0.13989439E-05   0.13273940E-05   0.95770278E-09
         131   0.72507648E-07   0.13989440E-05   0.13273941E-05   0.95770538E-09
         132   0.72507591E-07   0.13989429E-05   0.13273930E-05   0.95770740E-09
         133   0.72507676E-07   0.13989447E-05   0.13273947E-05   0.95770144E-09
         134   0.72507592E-07   0.13989429E-05   0.13273930E-05   0.95770933E-09
         135   0.72507647E-07   0.13989441E-05   0.13273941E-05   0.95770217E-09
         136   0.72507640E-07   0.13989439E-05   0.13273939E-05   0.95770619E-09
         137   0.72507596E-07   0.13989430E-05   0.13273931E-05   0.95770667E-09
         138   0.72507675E-07   0.13989446E-05   0.13273947E-05   0.95770185E-09
         139   0.72507587E-07   0.13989428E-05   0.13273929E-05   0.95770938E-09
         140   0.72507655E-07   0.13989442E-05   0.13273943E-05   0.95770167E-09
         141   0.72507631E-07   0.13989437E-05   0.13273937E-05   0.95770696E-09
         142   0.72507603E-07   0.13989432E-05   0.13273933E-05   0.95770588E-09
         143   0.72507673E-07   0.13989446E-05   0.13273946E-05   0.95770239E-09
         144   0.72507585E-07   0.13989427E-05   0.13273928E-05   0.95770927E-09
         145   0.72507662E-07   0.13989444E-05   0.13273944E-05   0.95770132E-09
         146   0.72507622E-07   0.13989435E-05   0.13273936E-05   0.95770766E-09
         147   0.72507611E-07   0.13989433E-05   0.13273934E-05   0.95770507E-09
         148   0.72507669E-07   0.13989445E-05   0.13273945E-05   0.95770304E-09
         149   0.72507583E-07   0.13989427E-05   0.13273928E-05   0.95770901E-09
         150   0.72507668E-07   0.13989445E-05   0.13273945E-05   0.95770111E-09
         151   0.72507613E-07   0.13989433E-05   0.13273934E-05   0.95770827E-09
         152   0.72507620E-07   0.13989435E-05   0.13273936E-05   0.95770426E-09
         153   0.72507663E-07   0.13989444E-05   0.13273944E-05   0.95770377E-09
         154   0.72507584E-07   0.13989427E-05   0.13273929E-05   0.95770860E-09
         155   0.72507672E-07   0.13989446E-05   0.13273946E-05   0.95770106E-09
         156   0.72507605E-07   0.13989431E-05   0.13273932E-05   0.95770877E-09
         157   0.72507629E-07   0.13989437E-05   0.13273938E-05   0.95770349E-09
         158   0.72507656E-07   0.13989442E-05   0.13273943E-05   0.95770456E-09
         159   0.72507587E-07   0.13989428E-05   0.13273929E-05   0.95770806E-09
         160   0.72507675E-07   0.13989446E-05   0.13273947E-05   0.95770117E-09
         161   0.72507598E-07   0.13989430E-05   0.13273931E-05   0.95770912E-09
         162   0.72507638E-07   0.13989439E-05   0.13273940E-05   0.95770279E-09
         163   0.72507648E-07   0.13989440E-05   0.13273941E-05   0.95770537E-09
         164   0.72507591E-07   0.13989429E-05   0.13273930E-05   0.95770741E-09
         165   0.72507676E-07   0.13989447E-05   0.13273947E-05   0.95770143E-09
         166   0.72507592E-07   0.13989429E-05   0.13273930E-05   0.95770933E-09
         167   0.72507647E-07   0.13989441E-05   0.13273941E-05   0.95770218E-09
         168   0.72507640E-07   0.13989439E-05   0.13273939E-05   0.95770618E-09
         169   0.72507596E-07   0.13989430E-05   0.13273931E-05   0.95770668E-09
         170   0.72507675E-07   0.13989446E-05   0.13273947E-05   0.95770184E-09
         171   0.72507587E-07   0.13989428E-05   0.13273929E-05   0.95770938E-09
         172   0.72507655E-07   0.13989442E-05   0.13273943E-05   0.95770168E-09
         173   0.72507631E-07   0.13989437E-05   0.13273937E-05   0.95770695E-09
         174   0.72507603E-07   0.13989432E-05   0.13273933E-05   0.95770589E-09
         175   0.72507673E-07   0.13989446E-05   0.13273946E-05   0.95770238E-09
         176   0.72507585E-07   0.13989427E-05   0.13273928E-05   0.95770928E-09
         177   0.72507662E-07   0.13989444E-05   0.13273944E-05   0.95770132E-09
         178   0.72507622E-07   0.13989435E-05   0.13273936E-05   0.95770765E-09
         179   0.72507611E-07   0.13989433E-05   0.13273934E-05   0.95770508E-09
         180   0.72507669E-07   0.13989445E-05   0.13273945E-05   0.95770303E-09
         181   0.72507583E-07   0.13989427E-05   0.13273928E-05   0.95770901E-09
         182   0.72507668E-07   0.13989445E-05   0.13273945E-05   0.95770111E-09
         183   0.72507613E-07   0.13989433E-05   0.13273934E-05   0.95770826E-09
         184   0.72507620E-07   0.13989435E-05   0.13273936E-05   0.95770427E-09
         185   0.72507663E-07   0.13989444E-05   0.13273944E-05   0.95770376E-09
         186   0.72507584E-07   0.13989427E-05   0.13273929E-05   0.95770861E-09
         187   0.72507672E-07   0.13989446E-05   0.13273946E-05   0.95770106E-09
         188   0.72507605E-07   0.13989431E-05   0.13273932E-05   0.95770876E-09
         189   0.72507629E-07   0.13989437E-05   0.13273938E-05   0.95770350E-09
         190   0.72507656E-07   0.13989442E-05   0.13273943E-05   0.95770454E-09
         191   0.72507587E-07   0.13989428E-05   0.13273929E-05   0.95770807E-09
         192   0.72507675E-07   0.13989446E-05   0.13273947E-05   0.95770117E-09
         193   0.72507598E-07   0.13989430E-05   0.13273931E-05   0.95770912E-09
         194   0.72507638E-07   0.13989439E-05   0.13273940E-05   0.95770280E-09
         195   0.72507648E-07   0.13989440E-05   0.13273941E-05   0.95770536E-09
         196   0.72507591E-07   0.13989429E-05   0.13273930E-05   0.95770742E-09
         197   0.72507676E-07   0.13989447E-05   0.13273947E-05   0.95770143E-09
         198   0.72507592E-07   0.13989429E-05   0.13273930E-05   0.95770933E-09
         199   0.72507647E-07   0.13989441E-05   0.13273941E-05   0.95770219E-09
         200   0.72507640E-07   0.13989439E-05   0.13273939E-05   0.95770616E-09
         201   0.72507596E-07   0.13989430E-05   0.13273931E-05   0.95770669E-09
         202   0.72507675E-07   0.13989446E-05   0.13273947E-05   0.95770183E-09
         203   0.72507587E-07   0.13989428E-05   0.13273929E-05   0.95770938E-09
         204   0.72507655E-07   0.13989442E-05   0.13273943E-05   0.95770169E-09
         205   0.72507631E-07   0.13989437E-05   0.13273937E-05   0.95770693E-09
         206   0.72507603E-07   0.13989432E-05   0.13273933E-05   0.95770591E-09
         207   0.72507673E-07   0.13989446E-05   0.13273946E-05   0.95770237E-09
         208   0.72507585E-07   0.13989427E-05   0.13273928E-05   0.95770928E-09
         209   0.72507662E-07   0.13989444E-05   0.13273944E-05   0.95770133E-09
         210   0.72507622E-07   0.13989435E-05   0.13273936E-05   0.95770764E-09
         211   0.72507611E-07   0.13989433E-05   0.13273934E-05   0.95770510E-09
         212   0.72507669E-07   0.13989445E-05   0.13273945E-05   0.95770301E-09
         213   0.72507583E-07   0.13989427E-05   0.13273928E-05   0.95770902E-09
         214   0.72507668E-07   0.13989445E-05   0.13273945E-05   0.95770111E-09
         215   0.72507613E-07   0.13989433E-05   0.13273934E-05   0.95770825E-09
         216   0.72507620E-07   0.13989435E-05   0.13273936E-05   0.95770429E-09
         217   0.72507663E-07   0.13989444E-05   0.13273944E-05   0.95770374E-09
         218   0.72507584E-07   0.13989427E-05   0.13273929E-05   0.95770861E-09
         219   0.72507672E-07   0.13989446E-05   0.13273946E-05   0.95770106E-09
         220   0.72507605E-07   0.13989431E-05   0.13273932E-05   0.95770875E-09
         221   0.72507629E-07   0.13989437E-05   0.13273938E-05   0.95770352E-09
         222   0.72507656E-07   0.13989442E-05   0.13273943E-05   0.95770453E-09
         223   0.72507587E-07   0.13989428E-05   0.13273929E-05   0.95770808E-09
         224   0.72507675E-07   0.13989446E-05   0.13273947E-05   0.95770116E-09
         225   0.72507598E-07   0.13989430E-05   0.13273931E-05   0.95770911E-09
         226   0.72507638E-07   0.13989439E-05   0.13273940E-05   0.95770281E-09
         227   0.72507649E-07   0.13989440E-05   0.13273941E-05   0.95770534E-09
         228   0.72507591E-07   0.13989429E-05   0.13273930E-05   0.95770744E-09
         229   0.72507676E-07   0.13989447E-05   0.13273947E-05   0.95770142E-09
         230   0.72507592E-07   0.13989429E-05   0.13273930E-05   0.95770933E-09
         231   0.72507646E-07   0.13989441E-05   0.13273941E-05   0.95770219E-09
         232   0.72507640E-07   0.13989439E-05   0.13273939E-05   0.95770615E-09
         233   0.72507596E-07   0.13989430E-05   0.13273931E-05   0.95770671E-09
         234   0.72507675E-07   0.13989446E-05   0.13273947E-05   0.95770183E-09
         235   0.72507587E-07   0.13989428E-05   0.13273929E-05   0.95770939E-09
         236   0.72507654E-07   0.13989442E-05   0.13273943E-05   0.95770170E-09
         237   0.72507631E-07   0.13989437E-05   0.13273938E-05   0.95770692E-09
         238   0.72507603E-07   0.13989431E-05   0.13273933E-05   0.95770592E-09
         239   0.72507673E-07   0.13989446E-05   0.13273946E-05   0.95770236E-09
         240   0.72507585E-07   0.13989427E-05   0.13273928E-05   0.95770928E-09
         241   0.72507662E-07   0.13989444E-05   0.13273944E-05   0.95770133E-09
         242   0.72507622E-07   0.13989435E-05   0.13273936E-05   0.95770763E-09
         243   0.72507611E-07   0.13989433E-05   0.13273934E-05   0.95770511E-09
         244   0.72507669E-07   0.13989445E-05   0.13273945E-05   0.95770300E-09
         245   0.72507583E-07   0.13989427E-05   0.13273928E-05   0.95770903E-09
         246   0.72507668E-07   0.13989445E-05   0.13273945E-05   0.95770112E-09
         247   0.72507613E-07   0.13989433E-05   0.13273934E-05   0.95770825E-09
         248   0.72507619E-07   0.13989435E-05   0.13273936E-05   0.95770430E-09
         249   0.72507663E-07   0.13989444E-05   0.13273944E-05   0.95770373E-09
         250   0.72507584E-07   0.13989427E-05   0.13273929E-05   0.95770862E-09
         251   0.72507672E-07   0.13989446E-05   0.13273946E-05   0.95770106E-09
         252   0.72507605E-07   0.13989431E-05   0.13273932E-05   0.95770875E-09
         253   0.72507628E-07   0.13989437E-05   0.13273938E-05   0.95770353E-09
         254   0.72507657E-07   0.13989442E-05   0.13273943E-05   0.95770452E-09
         255   0.72507587E-07   0.13989428E-05   0.13273929E-05   0.95770809E-09
         256   0.72507675E-07   0.13989446E-05   0.13273947E-05   0.95770116E-09
         257   0.72507598E-07   0.13989430E-05   0.13273931E-05   0.95770911E-09
         258   0.72507638E-07   0.13989439E-05   0.13273939E-05   0.95770282E-09
         259   0.72507649E-07   0.13989441E-05   0.13273941E-05   0.95770533E-09
         260   0.72507591E-07   0.13989429E-05   0.13273930E-05   0.95770745E-09
         261   0.72507676E-07   0.13989447E-05   0.13273947E-05   0.95770142E-09
         262   0.72507592E-07   0.13989429E-05   0.13273930E-05   0.95770933E-09
         263   0.72507646E-07   0.13989441E-05   0.13273941E-05   0.95770220E-09
         264   0.72507640E-07   0.13989439E-05   0.13273939E-05   0.95770614E-09
         265   0.72507596E-07   0.13989430E-05   0.13273931E-05   0.95770672E-09
         266   0.72507675E-07   0.13989446E-05   0.13273947E-05   0.95770182E-09
         267   0.72507588E-07   0.13989428E-05   0.13273929E-05   0.95770939E-09
         268   0.72507654E-07   0.13989442E-05   0.13273943E-05   0.95770170E-09
         269   0.72507631E-07   0.13989437E-05   0.13273938E-05   0.95770691E-09
         270   0.72507603E-07   0.13989431E-05   0.13273932E-05   0.95770593E-09
         271   0.72507673E-07   0.13989446E-05   0.13273946E-05   0.95770235E-09
         272   0.72507585E-07   0.13989427E-05   0.13273928E-05   0.95770929E-09
         273   0.72507662E-07   0.13989444E-05   0.13273944E-05   0.95770134E-09
         274   0.72507622E-07   0.13989435E-05   0.13273936E-05   0.95770762E-09
         275   0.72507611E-07   0.13989433E-05   0.13273934E-05   0.95770512E-09
         276   0.72507669E-07   0.13989445E-05   0.13273945E-05   0.95770299E-09
         277   0.72507583E-07   0.13989427E-05   0.13273928E-05   0.95770903E-09
         278   0.72507667E-07   0.13989445E-05   0.13273945E-05   0.95770112E-09
         279   0.72507613E-07   0.13989433E-05   0.13273934E-05   0.95770824E-09
         280   0.72507619E-07   0.13989435E-05   0.13273936E-05   0.95770431E-09
         281   0.72507663E-07   0.13989444E-05   0.13273944E-05   0.95770372E-09
         282   0.72507584E-07   0.13989427E-05   0.13273928E-05   0.95770863E-09
         283   0.72507672E-07   0.13989446E-05   0.13273946E-05   0.95770106E-09
         284   0.72507605E-07   0.13989431E-05   0.13273932E-05   0.95770874E-09
         285   0.72507628E-07   0.13989437E-05   0.13273938E-05   0.95770354E-09
         286   0.72507657E-07   0.13989442E-05   0.13273943E-05   0.95770450E-09
         287   0.72507586E-07   0.13989428E-05   0.13273929E-05   0.95770810E-09
         288   0.72507675E-07   0.13989446E-05   0.13273947E-05   0.95770116E-09
         289   0.72507598E-07   0.13989430E-05   0.13273931E-05   0.95770911E-09
         290   0.72507637E-07   0.13989439E-05   0.13273939E-05   0.95770283E-09
         291   0.72507649E-07   0.13989441E-05   0.13273941E-05   0.95770532E-09
         292   0.72507590E-07   0.13989429E-05   0.13273930E-05   0.95770746E-09
         293   0.72507676E-07   0.13989447E-05   0.13273947E-05   0.95770141E-09
         294   0.72507592E-07   0.13989429E-05   0.13273930E-05   0.95770932E-09
         295   0.72507646E-07   0.13989441E-05   0.13273941E-05   0.95770221E-09
         296   0.72507640E-07   0.13989439E-05   0.13273939E-05   0.95770613E-09
         297   0.72507596E-07   0.13989430E-05   0.13273931E-05   0.95770673E-09
         298   0.72507675E-07   0.13989446E-05   0.13273947E-05   0.95770181E-09
         299   0.72507588E-07   0.13989428E-05   0.13273929E-05   0.95770939E-09
         300   0.72507654E-07   0.13989442E-05   0.13273943E-05   0.95770171E-09
         301   0.72507631E-07   0.13989437E-05   0.13273938E-05   0.95770690E-09
         302   0.72507603E-07   0.13989431E-05   0.13273932E-05   0.95770595E-09
         303   0.72507673E-07   0.13989446E-05   0.13273946E-05   0.95770234E-09
         304   0.72507585E-07   0.13989427E-05   0.13273928E-05   0.95770929E-09
         305   0.72507661E-07   0.13989444E-05   0.13273944E-05   0.95770134E-09
         306   0.72507622E-07   0.13989435E-05   0.13273936E-05   0.95770761E-09
         307   0.72507611E-07   0.13989433E-05   0.13273934E-05   0.95770513E-09
         308   0.72507669E-07   0.13989445E-05   0.13273945E-05   0.95770298E-09
         309   0.72507583E-07   0.13989427E-05   0.13273928E-05   0.95770904E-09
         310   0.72507667E-07   0.13989445E-05   0.13273945E-05   0.95770112E-09
         311   0.72507613E-07   0.13989433E-05   0.13273934E-05   0.95770823E-09
         312   0.72507619E-07   0.13989435E-05   0.13273936E-05   0.95770433E-09
         313   0.72507664E-07   0.13989444E-05   0.13273944E-05   0.95770371E-09
         314   0.72507584E-07   0.13989427E-05   0.13273928E-05   0.95770864E-09
         315   0.72507672E-07   0.13989446E-05   0.13273946E-05   0.95770106E-09
         316   0.72507605E-07   0.13989431E-05   0.13273932E-05   0.95770873E-09
         317   0.72507628E-07   0.13989437E-05   0.13273938E-05   0.95770355E-09
         318   0.72507657E-07   0.13989442E-05   0.13273943E-05   0.95770449E-09
         319   0.72507586E-07   0.13989428E-05   0.13273929E-05   0.95770811E-09
         320   0.72507675E-07   0.13989446E-05   0.13273947E-05   0.95770115E-09
         321   0.72507598E-07   0.13989430E-05   0.13273931E-05   0.95770910E-09
         322   0.72507637E-07   0.13989439E-05   0.13273939E-05   0.95770284E-09
         323   0.72507649E-07   0.13989441E-05   0.13273941E-05   0.95770530E-09
         324   0.72507590E-07   0.13989429E-05   0.13273930E-05   0.95770747E-09
         325   0.72507676E-07   0.13989447E-05   0.13273947E-05   0.95770141E-09
         326   0.72507592E-07   0.13989429E-05   0.13273930E-05   0.95770932E-09
         327   0.72507646E-07   0.13989441E-05   0.13273941E-05   0.95770222E-09
         328   0.72507640E-07   0.13989439E-05   0.13273939E-05   0.95770611E-09
         329   0.72507596E-07   0.13989430E-05   0.13273931E-05   0.95770674E-09
         330   0.72507675E-07   0.13989446E-05   0.13273947E-05   0.95770180E-09
         331   0.72507588E-07   0.13989428E-05   0.13273929E-05   0.95770939E-09
         332   0.72507654E-07   0.13989442E-05   0.13273943E-05   0.95770172E-09
         333   0.72507631E-07   0.13989437E-05   0.13273938E-05   0.95770689E-09
         334   0.72507603E-07   0.13989431E-05   0.13273932E-05   0.95770596E-09
         335   0.72507673E-07   0.13989446E-05   0.13273946E-05   0.95770233E-09
         336   0.72507585E-07   0.13989427E-05   0.13273928E-05   0.95770929E-09
         337   0.72507661E-07   0.13989444E-05   0.13273944E-05   0.95770135E-09
         338   0.72507622E-07   0.13989435E-05   0.13273936E-05   0.95770760E-09
         339   0.72507611E-07   0.13989433E-05   0.13273934E-05   0.95770515E-09
         340   0.72507669E-07   0.13989445E-05   0.13273945E-05   0.95770297E-09
         341   0.72507584E-07   0.13989427E-05   0.13273928E-05   0.95770904E-09
         342   0.72507667E-07   0.13989445E-05   0.13273945E-05   0.95770112E-09
         343   0.72507614E-07   0.13989433E-05   0.13273934E-05   0.95770822E-09
         344   0.72507619E-07   0.13989435E-05   0.13273936E-05   0.95770434E-09
         345   0.72507664E-07   0.13989444E-05   0.13273944E-05   0.95770370E-09
         346   0.72507584E-07   0.13989427E-05   0.13273928E-05   0.95770864E-09
         347   0.72507672E-07   0.13989446E-05   0.13273946E-05   0.95770106E-09
         348   0.72507605E-07   0.13989431E-05   0.13273932E-05   0.95770872E-09
         349   0.72507628E-07   0.13989437E-05   0.13273938E-05   0.95770356E-09
         350   0.72507657E-07   0.13989442E-05   0.13273943E-05   0.95770448E-09
         351   0.72507586E-07   0.13989428E-05   0.13273929E-05   0.95770812E-09
         352   0.72507675E-07   0.13989446E-05   0.13273947E-05   0.95770115E-09
         353   0.72507598E-07   0.13989430E-05   0.13273931E-05   0.95770910E-09
         354   0.72507637E-07   0.13989439E-05   0.13273939E-05   0.95770285E-09
         355   0.72507649E-07   0.13989441E-05   0.13273941E-05   0.95770529E-09
         356   0.72507590E-07   0.13989429E-05   0.13273930E-05   0.95770748E-09
         357   0.72507676E-07   0.13989447E-05   0.13273947E-05   0.95770140E-09
         358   0.72507592E-07   0.13989429E-05   0.13273930E-05   0.95770932E-09
         359   0.72507646E-07   0.13989441E-05   0.13273941E-05   0.95770223E-09
         360   0.72507641E-07   0.13989439E-05   0.13273939E-05   0.95770610E-09
         361   0.72507596E-07   0.13989430E-05   0.13273931E-05   0.95770675E-09
         362   0.72507675E-07   0.13989446E-05   0.13273947E-05   0.95770180E-09
         363   0.72507588E-07   0.13989428E-05   0.13273929E-05   0.95770939E-09
         364   0.72507654E-07   0.13989442E-05   0.13273943E-05   0.95770172E-09
         365   0.72507632E-07   0.13989437E-05   0.13273938E-05   0.95770688E-09
         366   0.72507603E-07   0.13989431E-05   0.13273932E-05   0.95770597E-09
         367   0.72507673E-07   0.13989446E-05   0.13273946E-05   0.95770232E-09
         368   0.72507585E-07   0.13989427E-05   0.13273928E-05   0.95770929E-09
         369   0.72507661E-07   0.13989444E-05   0.13273944E-05   0.95770135E-09
         370   0.72507623E-07   0.13989435E-05   0.13273936E-05   0.95770759E-09
         371   0.72507610E-07   0.13989433E-05   0.13273934E-05   0.95770516E-09
         372   0.72507669E-07   0.13989445E-05   0.13273945E-05   0.95770296E-09
         373   0.72507584E-07   0.13989427E-05   0.13273928E-05   0.95770905E-09
         374   0.72507667E-07   0.13989445E-05   0.13273945E-05   0.95770113E-09
         375   0.72507614E-07   0.13989433E-05   0.13273934E-05   0.95770821E-09
         376   0.72507619E-07   0.13989435E-05   0.13273936E-05   0.95770435E-09
         377   0.72507664E-07   0.13989444E-05   0.13273944E-05   0.95770368E-09
         378   0.72507584E-07   0.13989427E-05   0.13273928E-05   0.95770865E-09
         379   0.72507672E-07   0.13989446E-05   0.13273946E-05   0.95770106E-09
         380   0.72507606E-07   0.13989431E-05   0.13273932E-05   0.95770872E-09
         381   0.72507628E-07   0.13989437E-05   0.13273938E-05   0.95770357E-09
         382   0.72507657E-07   0.13989442E-05   0.13273943E-05   0.95770447E-09
         383   0.72507586E-07   0.13989428E-05   0.13273929E-05   0.95770813E-09
         384   0.72507675E-07   0.13989446E-05   0.13273947E-05   0.95770115E-09
         385   0.72507598E-07   0.13989430E-05   0.13273931E-05   0.95770909E-09
         386   0.72507637E-07   0.13989439E-05   0.13273939E-05   0.95770286E-09
         387   0.72507649E-07   0.13989441E-05   0.13273941E-05   0.95770528E-09
         388   0.72507590E-07   0.13989429E-05   0.13273930E-05   0.95770749E-09
         389   0.72507676E-07   0.13989447E-05   0.13273947E-05   0.95770140E-09
         390   0.72507592E-07   0.13989429E-05   0.13273930E-05   0.95770932E-09
         391   0.72507646E-07   0.13989441E-05   0.13273941E-05   0.95770224E-09
         392   0.72507641E-07   0.13989439E-05   0.13273939E-05   0.95770609E-09
         393   0.72507596E-07   0.13989430E-05   0.13273931E-05   0.95770677E-09
         394   0.72507676E-07   0.13989446E-05   0.13273947E-05   0.95770179E-09
         395   0.72507588E-07   0.13989428E-05   0.13273929E-05   0.95770939E-09
         396   0.72507654E-07   0.13989442E-05   0.13273943E-05   0.95770173E-09
         397   0.72507632E-07   0.13989437E-05   0.13273938E-05   0.95770686E-09
         398   0.72507602E-07   0.13989431E-05   0.13273932E-05   0.95770598E-09
         399   0.72507673E-07   0.13989446E-05   0.13273946E-05   0.95770231E-09
         400   0.72507585E-07   0.13989427E-05   0.13273928E-05   0.95770930E-09
         401   0.72507661E-07   0.13989444E-05   0.13273944E-05   0.95770136E-09
         402   0.72507623E-07   0.13989435E-05   0.13273936E-05   0.95770758E-09
         403   0.72507610E-07   0.13989433E-05   0.13273934E-05   0.95770517E-09
         404   0.72507669E-07   0.13989445E-05   0.13273945E-05   0.95770295E-09
         405   0.72507584E-07   0.13989427E-05   0.13273928E-05   0.95770905E-09
         406   0.72507667E-07   0.13989445E-05   0.13273945E-05   0.95770113E-09
         407   0.72507614E-07   0.13989433E-05   0.13273934E-05   0.95770820E-09
         408   0.72507619E-07   0.13989435E-05   0.13273936E-05   0.95770436E-09
         409   0.72507664E-07   0.13989444E-05   0.13273944E-05   0.95770367E-09
         410   0.72507584E-07   0.13989427E-05   0.13273928E-05   0.95770866E-09
         411   0.72507672E-07   0.13989446E-05   0.13273946E-05   0.95770106E-09
         412   0.72507606E-07   0.13989431E-05   0.13273932E-05   0.95770871E-09
         413   0.72507628E-07   0.13989437E-05   0.13273938E-05   0.95770359E-09
         414   0.72507657E-07   0.13989442E-05   0.13273943E-05   0.95770445E-09
         415   0.72507586E-07   0.13989428E-05   0.13273929E-05   0.95770814E-09
         416   0.72507675E-07   0.13989446E-05   0.13273947E-05   0.95770115E-09
         417   0.72507599E-07   0.13989430E-05   0.13273931E-05   0.95770909E-09
         418   0.72507637E-07   0.13989439E-05   0.13273939E-05   0.95770287E-09
         419   0.72507649E-07   0.13989441E-05   0.13273941E-05   0.95770526E-09
         420   0.72507590E-07   0.13989429E-05   0.13273930E-05   0.95770750E-09
         421   0.72507676E-07   0.13989447E-05   0.13273947E-05   0.95770139E-09
         422   0.72507592E-07   0.13989429E-05   0.13273930E-05   0.95770931E-09
         423   0.72507646E-07   0.13989441E-05   0.13273941E-05   0.95770225E-09
         424   0.72507641E-07   0.13989439E-05   0.13273939E-05   0.95770607E-09
         425   0.72507596E-07   0.13989430E-05   0.13273931E-05   0.95770678E-09
         426   0.72507676E-07   0.13989446E-05   0.13273947E-05   0.95770178E-09
         427   0.72507588E-07   0.13989428E-05   0.13273929E-05   0.95770939E-09
         428   0.72507654E-07   0.13989442E-05   0.13273943E-05   0.95770174E-09
         429   0.72507632E-07   0.13989437E-05   0.13273938E-05   0.95770685E-09
         430   0.72507602E-07   0.13989431E-05   0.13273932E-05   0.95770600E-09
         431   0.72507673E-07   0.13989446E-05   0.13273946E-05   0.95770230E-09
         432   0.72507585E-07   0.13989427E-05   0.13273929E-05   0.95770930E-09
         433   0.72507661E-07   0.13989444E-05   0.13273944E-05   0.95770136E-09
         434   0.72507623E-07   0.13989435E-05   0.13273936E-05   0.95770757E-09
         435   0.72507610E-07   0.13989433E-05   0.13273934E-05   0.95770519E-09
         436   0.72507669E-07   0.13989445E-05   0.13273945E-05   0.95770294E-09
         437   0.72507584E-07   0.13989427E-05   0.13273928E-05   0.95770906E-09
         438   0.72507667E-07   0.13989445E-05   0.13273945E-05   0.95770113E-09
         439   0.72507614E-07   0.13989433E-05   0.13273934E-05   0.95770819E-09
         440   0.72507619E-07   0.13989435E-05   0.13273936E-05   0.95770438E-09
         441   0.72507664E-07   0.13989444E-05   0.13273944E-05   0.95770366E-09
         442   0.72507584E-07   0.13989427E-05   0.13273928E-05   0.95770867E-09
         443   0.72507672E-07   0.13989446E-05   0.13273946E-05   0.95770106E-09
         444   0.72507606E-07   0.13989431E-05   0.13273933E-05   0.95770870E-09
         445   0.72507628E-07   0.13989437E-05   0.13273937E-05   0.95770360E-09
         446   0.72507657E-07   0.13989442E-05   0.13273943E-05   0.95770444E-09
         447   0.72507586E-07   0.13989428E-05   0.13273929E-05   0.95770814E-09
         448   0.72507675E-07   0.13989446E-05   0.13273947E-05   0.95770114E-09
         449   0.72507599E-07   0.13989430E-05   0.13273931E-05   0.95770908E-09
         450   0.72507637E-07   0.13989439E-05   0.13273939E-05   0.95770288E-09
         451   0.72507649E-07   0.13989441E-05   0.13273941E-05   0.95770525E-09
         452   0.72507590E-07   0.13989429E-05   0.13273930E-05   0.95770751E-09
         453   0.72507676E-07   0.13989447E-05   0.13273947E-05   0.95770139E-09
         454   0.72507593E-07   0.13989429E-05   0.13273930E-05   0.95770931E-09
         455   0.72507645E-07   0.13989440E-05   0.13273941E-05   0.95770226E-09
         456   0.72507641E-07   0.13989439E-05   0.13273940E-05   0.95770606E-09
         457   0.72507596E-07   0.13989430E-05   0.13273931E-05   0.95770679E-09
         458   0.72507676E-07   0.13989446E-05   0.13273947E-05   0.95770177E-09
         459   0.72507588E-07   0.13989428E-05   0.13273929E-05   0.95770939E-09
         460   0.72507654E-07   0.13989442E-05   0.13273943E-05   0.95770174E-09
         461   0.72507632E-07   0.13989437E-05   0.13273938E-05   0.95770684E-09
         462   0.72507602E-07   0.13989431E-05   0.13273932E-05   0.95770601E-09
         463   0.72507673E-07   0.13989446E-05   0.13273946E-05   0.95770229E-09
         464   0.72507585E-07   0.13989427E-05   0.13273929E-05   0.95770930E-09
         465   0.72507661E-07   0.13989444E-05   0.13273944E-05   0.95770136E-09
         466   0.72507623E-07   0.13989435E-05   0.13273936E-05   0.95770756E-09
         467   0.72507610E-07   0.13989433E-05   0.13273934E-05   0.95770520E-09
         468   0.72507669E-07   0.13989445E-05   0.13273945E-05   0.95770293E-09
         469   0.72507584E-07   0.13989427E-05   0.13273928E-05   0.95770906E-09
         470   0.72507667E-07   0.13989445E-05   0.13273945E-05   0.95770113E-09
         471   0.72507614E-07   0.13989433E-05   0.13273934E-05   0.95770818E-09
         472   0.72507619E-07   0.13989435E-05   0.13273936E-05   0.95770439E-09
         473   0.72507664E-07   0.13989444E-05   0.13273944E-05   0.95770365E-09
         474   0.72507584E-07   0.13989427E-05   0.13273928E-05   0.95770867E-09
         475   0.72507672E-07   0.13989446E-05   0.13273946E-05   0.95770106E-09
         476   0.72507606E-07   0.13989432E-05   0.13273933E-05   0.95770870E-09
         477   0.72507627E-07   0.13989437E-05   0.13273937E-05   0.95770361E-09
         478   0.72507657E-07   0.13989442E-05   0.13273943E-05   0.95770443E-09
         479   0.72507586E-07   0.13989428E-05   0.13273929E-05   0.95770815E-09
         480   0.72507675E-07   0.13989446E-05   0.13273947E-05   0.95770114E-09
         481   0.72507599E-07   0.13989430E-05   0.13273931E-05   0.95770908E-09
         482   0.72507637E-07   0.13989439E-05   0.13273939E-05   0.95770289E-09
         483   0.72507650E-07   0.13989441E-05   0.13273941E-05   0.95770524E-09
         484   0.72507590E-07   0.13989429E-05   0.13273930E-05   0.95770752E-09
         485   0.72507676E-07   0.13989447E-05   0.13273947E-05   0.95770138E-09
         486   0.72507593E-07   0.13989429E-05   0.13273930E-05   0.95770931E-09
         487   0.72507645E-07   0.13989440E-05   0.13273941E-05   0.95770227E-09
         488   0.72507641E-07   0.13989439E-05   0.13273940E-05   0.95770605E-09
         489   0.72507595E-07   0.13989430E-05   0.13273931E-05   0.95770680E-09
         490   0.72507676E-07   0.13989446E-05   0.13273947E-05   0.95770177E-09
         491   0.72507588E-07   0.13989428E-05   0.13273929E-05   0.95770939E-09
         492   0.72507653E-07   0.13989442E-05   0.13273943E-05   0.95770175E-09
         493   0.72507632E-07   0.13989437E-05   0.13273938E-05   0.95770683E-09
         494   0.72507602E-07   0.13989431E-05   0.13273932E-05   0.95770602E-09
         495   0.72507673E-07   0.13989446E-05   0.13273946E-05   0.95770229E-09
         496   0.72507585E-07   0.13989427E-05   0.13273929E-05   0.95770930E-09
         497   0.72507661E-07   0.13989444E-05   0.13273944E-05   0.95770137E-09
         498   0.72507623E-07   0.13989435E-05   0.13273936E-05   0.95770754E-09
         499   0.72507610E-07   0.13989433E-05   0.13273934E-05   0.95770521E-09
         500   0.72507670E-07   0.13989445E-05   0.13273945E-05   0.95770292E-09
         501   0.72507584E-07   0.13989427E-05   0.13273928E-05   0.95770907E-09
         502   0.72507667E-07   0.13989445E-05   0.13273945E-05   0.95770114E-09
         503   0.72507614E-07   0.13989433E-05   0.13273934E-05   0.95770817E-09
         504   0.72507618E-07   0.13989435E-05   0.13273936E-05   0.95770440E-09
         505   0.72507664E-07   0.13989444E-05   0.13273944E-05   0.95770364E-09
         506   0.72507584E-07   0.13989427E-05   0.13273928E-05   0.95770868E-09
         507   0.72507672E-07   0.13989446E-05   0.13273946E-05   0.95770106E-09
         508   0.72507606E-07   0.13989432E-05   0.13273933E-05   0.95770869E-09
         509   0.72507627E-07   0.13989437E-05   0.13273937E-05   0.95770362E-09
         510   0.72507657E-07   0.13989442E-05   0.13273943E-05   0.95770442E-09
         511   0.72507586E-07   0.13989428E-05   0.13273929E-05   0.95770816E-09
         512   0.72507675E-07   0.13989446E-05   0.13273947E-05   0.95770114E-09
         513   0.72507599E-07   0.13989430E-05   0.13273931E-05   0.95770907E-09
         514   0.72507636E-07   0.13989439E-05   0.13273939E-05   0.95770290E-09
         515   0.72507650E-07   0.13989441E-05   0.13273941E-05   0.95770523E-09
         516   0.72507590E-07   0.13989429E-05   0.13273930E-05   0.95770753E-09
         517   0.72507676E-07   0.13989447E-05   0.13273947E-05   0.95770138E-09
         518   0.72507593E-07   0.13989429E-05   0.13273930E-05   0.95770931E-09
         519   0.72507645E-07   0.13989440E-05   0.13273941E-05   0.95770228E-09
         520   0.72507641E-07   0.13989439E-05   0.13273940E-05   0.95770604E-09
         521   0.72507595E-07   0.13989430E-05   0.13273931E-05   0.95770681E-09
         522   0.72507676E-07   0.13989446E-05   0.13273947E-05   0.95770176E-09
         523   0.72507588E-07   0.13989428E-05   0.13273929E-05   0.95770939E-09
         524   0.72507653E-07   0.13989442E-05   0.13273943E-05   0.95770176E-09
         525   0.72507632E-07   0.13989437E-05   0.13273938E-05   0.95770682E-09
         526   0.72507602E-07   0.13989431E-05   0.13273932E-05   0.95770604E-09
         527   0.72507673E-07   0.13989446E-05   0.13273946E-05   0.95770228E-09
         528   0.72507585E-07   0.13989427E-05   0.13273929E-05   0.95770931E-09
         529   0.72507661E-07   0.13989444E-05   0.13273944E-05   0.95770137E-09
         530   0.72507623E-07   0.13989435E-05   0.13273936E-05   0.95770753E-09
         531   0.72507610E-07   0.13989433E-05   0.13273934E-05   0.95770522E-09
         532   0.72507670E-07   0.13989445E-05   0.13273945E-05   0.95770291E-09
         533   0.72507584E-07   0.13989427E-05   0.13273928E-05   0.95770907E-09
         534   0.72507667E-07   0.13989445E-05   0.13273945E-05   0.95770114E-09
         535   0.72507614E-07   0.13989433E-05   0.13273934E-05   0.95770816E-09
         536   0.72507618E-07   0.13989435E-05   0.13273936E-05   0.95770441E-09
         537   0.72507664E-07   0.13989444E-05   0.13273944E-05   0.95770362E-09
         538   0.72507584E-07   0.13989427E-05   0.13273928E-05   0.95770869E-09
         539   0.72507671E-07   0.13989446E-05   0.13273946E-05   0.95770106E-09
         540   0.72507606E-07   0.13989432E-05   0.13273933E-05   0.95770868E-09
         541   0.72507627E-07   0.13989437E-05   0.13273937E-05   0.95770363E-09
         542   0.72507658E-07   0.13989442E-05   0.13273943E-05   0.95770440E-09
         543   0.72507586E-07   0.13989428E-05   0.13273929E-05   0.95770817E-09
         544   0.72507675E-07   0.13989446E-05   0.13273947E-05   0.95770114E-09
         545   0.72507599E-07   0.13989430E-05   0.13273931E-05   0.95770907E-09
         546   0.72507636E-07   0.13989439E-05   0.13273939E-05   0.95770292E-09
         547   0.72507650E-07   0.13989441E-05   0.13273941E-05   0.95770521E-09
         548   0.72507590E-07   0.13989429E-05   0.13273930E-05   0.95770754E-09
         549   0.72507676E-07   0.13989447E-05   0.13273947E-05   0.95770137E-09
         550   0.72507593E-07   0.13989429E-05   0.13273930E-05   0.95770930E-09
         551   0.72507645E-07   0.13989440E-05   0.13273941E-05   0.95770228E-09
         552   0.72507641E-07   0.13989439E-05   0.13273940E-05   0.95770602E-09
         553   0.72507595E-07   0.13989430E-05   0.13273931E-05   0.95770683E-09
         554   0.72507676E-07   0.13989446E-05   0.13273947E-05   0.95770175E-09
         555   0.72507588E-07   0.13989428E-05   0.13273929E-05   0.95770939E-09
         556   0.72507653E-07   0.13989442E-05   0.13273943E-05   0.95770177E-09
         557   0.72507632E-07   0.13989437E-05   0.13273938E-05   0.95770680E-09
         558   0.72507602E-07   0.13989431E-05   0.13273932E-05   0.95770605E-09
         559   0.72507673E-07   0.13989446E-05   0.13273946E-05   0.95770227E-09
         560   0.72507585E-07   0.13989427E-05   0.13273929E-05   0.95770931E-09
         561   0.72507661E-07   0.13989444E-05   0.13273944E-05   0.95770138E-09
         562   0.72507623E-07   0.13989435E-05   0.13273936E-05   0.95770752E-09
         563   0.72507610E-07   0.13989433E-05   0.13273934E-05   0.95770524E-09
         564   0.72507670E-07   0.13989445E-05   0.13273945E-05   0.95770289E-09
         565   0.72507584E-07   0.13989427E-05   0.13273928E-05   0.95770908E-09
         566   0.72507667E-07   0.13989445E-05   0.13273945E-05   0.95770114E-09
         567   0.72507615E-07   0.13989433E-05   0.13273934E-05   0.95770815E-09
         568   0.72507618E-07   0.13989435E-05   0.13273936E-05   0.95770443E-09
         569   0.72507664E-07   0.13989444E-05   0.13273944E-05   0.95770361E-09
         570   0.72507584E-07   0.13989427E-05   0.13273928E-05   0.95770870E-09
         571   0.72507671E-07   0.13989446E-05   0.13273946E-05   0.95770106E-09
         572   0.72507606E-07   0.13989432E-05   0.13273933E-05   0.95770867E-09
         573   0.72507627E-07   0.13989437E-05   0.13273937E-05   0.95770365E-09
         574   0.72507658E-07   0.13989442E-05   0.13273943E-05   0.95770439E-09
         575   0.72507586E-07   0.13989428E-05   0.13273929E-05   0.95770818E-09
         576   0.72507675E-07   0.13989446E-05   0.13273947E-05   0.95770113E-09
         577   0.72507599E-07   0.13989430E-05   0.13273931E-05   0.95770906E-09
         578   0.72507636E-07   0.13989439E-05   0.13273939E-05   0.95770293E-09
         579   0.72507650E-07   0.13989441E-05   0.13273941E-05   0.95770520E-09
         580   0.72507590E-07   0.13989429E-05   0.13273930E-05   0.95770755E-09
         581   0.72507676E-07   0.13989447E-05   0.13273947E-05   0.95770137E-09
         582   0.72507593E-07   0.13989429E-05   0.13273930E-05   0.95770930E-09
         583   0.72507645E-07   0.13989440E-05   0.13273941E-05   0.95770229E-09
         584   0.72507642E-07   0.13989439E-05   0.13273940E-05   0.95770601E-09
         585   0.72507595E-07   0.13989430E-05   0.13273931E-05   0.95770684E-09
         586   0.72507676E-07   0.13989446E-05   0.13273947E-05   0.95770174E-09
         587   0.72507588E-07   0.13989428E-05   0.13273929E-05   0.95770939E-09
         588   0.72507653E-07   0.13989442E-05   0.13273943E-05   0.95770177E-09
         589   0.72507633E-07   0.13989437E-05   0.13273938E-05   0.95770679E-09
         590   0.72507602E-07   0.13989431E-05   0.13273932E-05   0.95770606E-09
         591   0.72507674E-07   0.13989446E-05   0.13273946E-05   0.95770226E-09
         592   0.72507585E-07   0.13989427E-05   0.13273929E-05   0.95770931E-09
         593   0.72507660E-07   0.13989444E-05   0.13273944E-05   0.95770138E-09
         594   0.72507624E-07   0.13989435E-05   0.13273936E-05   0.95770751E-09
         595   0.72507609E-07   0.13989433E-05   0.13273934E-05   0.95770525E-09
         596   0.72507670E-07   0.13989445E-05   0.13273945E-05   0.95770288E-09
         597   0.72507584E-07   0.13989427E-05   0.13273928E-05   0.95770908E-09
         598   0.72507667E-07   0.13989445E-05   0.13273945E-05   0.95770114E-09
         599   0.72507615E-07   0.13989433E-05   0.13273934E-05   0.95770815E-09
         600   0.72507618E-07   0.13989435E-05   0.13273936E-05   0.95770444E-09
         601   0.72507664E-07   0.13989444E-05   0.13273944E-05   0.95770360E-09
         602   0.72507584E-07   0.13989427E-05   0.13273928E-05   0.95770870E-09
         603   0.72507671E-07   0.13989446E-05   0.13273946E-05   0.95770106E-09
         604   0.72507606E-07   0.13989432E-05   0.13273933E-05   0.95770867E-09
         605   0.72507627E-07   0.13989437E-05   0.13273937E-05   0.95770366E-09
         606   0.72507658E-07   0.13989442E-05   0.13273943E-05   0.95770438E-09
         607   0.72507586E-07   0.13989428E-05   0.13273929E-05   0.95770819E-09
         608   0.72507675E-07   0.13989446E-05   0.13273947E-05   0.95770113E-09
         609   0.72507599E-07   0.13989430E-05   0.13273931E-05   0.95770906E-09
         610   0.72507636E-07   0.13989438E-05   0.13273939E-05   0.95770294E-09
         611   0.72507650E-07   0.13989441E-05   0.13273941E-05   0.95770519E-09
         612   0.72507590E-07   0.13989429E-05   0.13273930E-05   0.95770757E-09
         613   0.72507676E-07   0.13989447E-05   0.13273947E-05   0.95770136E-09
         614   0.72507593E-07   0.13989429E-05   0.13273930E-05   0.95770930E-09
         615   0.72507645E-07   0.13989440E-05   0.13273941E-05   0.95770230E-09
         616   0.72507642E-07   0.13989439E-05   0.13273940E-05   0.95770600E-09
         617   0.72507595E-07   0.13989430E-05   0.13273931E-05   0.95770685E-09
         618   0.72507676E-07   0.13989446E-05   0.13273947E-05   0.95770174E-09
         619   0.72507588E-07   0.13989428E-05   0.13273929E-05   0.95770939E-09
         620   0.72507653E-07   0.13989442E-05   0.13273943E-05   0.95770178E-09
         621   0.72507633E-07   0.13989437E-05   0.13273938E-05   0.95770678E-09
         622   0.72507602E-07   0.13989431E-05   0.13273932E-05   0.95770607E-09
         623   0.72507674E-07   0.13989446E-05   0.13273946E-05   0.95770225E-09
         624   0.72507585E-07   0.13989427E-05   0.13273929E-05   0.95770931E-09
         625   0.72507660E-07   0.13989444E-05   0.13273944E-05   0.95770139E-09
         626   0.72507624E-07   0.13989435E-05   0.13273936E-05   0.95770750E-09
         627   0.72507609E-07   0.13989433E-05   0.13273934E-05   0.95770526E-09
         628   0.72507670E-07   0.13989445E-05   0.13273945E-05   0.95770287E-09
         629   0.72507584E-07   0.13989427E-05   0.13273928E-05   0.95770909E-09
         630   0.72507667E-07   0.13989445E-05   0.13273945E-05   0.95770115E-09
         631   0.72507615E-07   0.13989433E-05   0.13273934E-05   0.95770814E-09
         632   0.72507618E-07   0.13989435E-05   0.13273936E-05   0.95770445E-09
         633   0.72507665E-07   0.13989444E-05   0.13273944E-05   0.95770359E-09
         634   0.72507584E-07   0.13989427E-05   0.13273928E-05   0.95770871E-09
         635   0.72507671E-07   0.13989446E-05   0.13273946E-05   0.95770106E-09
         636   0.72507607E-07   0.13989432E-05   0.13273933E-05   0.95770866E-09
         637   0.72507627E-07   0.13989437E-05   0.13273937E-05   0.95770367E-09
         638   0.72507658E-07   0.13989443E-05   0.13273943E-05   0.95770436E-09
         639   0.72507586E-07   0.13989428E-05   0.13273929E-05   0.95770820E-09
         640   0.72507674E-07   0.13989446E-05   0.13273947E-05   0.95770113E-09
         641   0.72507599E-07   0.13989430E-05   0.13273931E-05   0.95770905E-09
         642   0.72507636E-07   0.13989438E-05   0.13273939E-05   0.95770295E-09
         643   0.72507650E-07   0.13989441E-05   0.13273941E-05   0.95770517E-09
         644   0.72507590E-07   0.13989429E-05   0.13273930E-05   0.95770758E-09
         645   0.72507676E-07   0.13989447E-05   0.13273947E-05   0.95770136E-09
         646   0.72507593E-07   0.13989429E-05   0.13273930E-05   0.95770930E-09
         647   0.72507645E-07   0.13989440E-05   0.13273941E-05   0.95770231E-09
         648   0.72507642E-07   0.13989439E-05   0.13273940E-05   0.95770599E-09
         649   0.72507595E-07   0.13989430E-05   0.13273931E-05   0.95770686E-09
         650   0.72507676E-07   0.13989447E-05   0.13273947E-05   0.95770173E-09
         651   0.72507588E-07   0.13989428E-05   0.13273929E-05   0.95770939E-09
         652   0.72507653E-07   0.13989442E-05   0.13273943E-05   0.95770179E-09
         653   0.72507633E-07   0.13989437E-05   0.13273938E-05   0.95770677E-09
         654   0.72507602E-07   0.13989431E-05   0.13273932E-05   0.95770609E-09
         655   0.72507674E-07   0.13989446E-05   0.13273946E-05   0.95770224E-09
         656   0.72507585E-07   0.13989427E-05   0.13273929E-05   0.95770932E-09
         657   0.72507660E-07   0.13989444E-05   0.13273944E-05   0.95770139E-09
         658   0.72507624E-07   0.13989435E-05   0.13273936E-05   0.95770749E-09
         659   0.72507609E-07   0.13989433E-05   0.13273934E-05   0.95770528E-09
         660   0.72507670E-07   0.13989445E-05   0.13273945E-05   0.95770286E-09
         661   0.72507584E-07   0.13989427E-05   0.13273928E-05   0.95770909E-09
         662   0.72507666E-07   0.13989445E-05   0.13273945E-05   0.95770115E-09
         663   0.72507615E-07   0.13989433E-05   0.13273934E-05   0.95770813E-09
         664   0.72507618E-07   0.13989435E-05   0.13273935E-05   0.95770447E-09
         665   0.72507665E-07   0.13989444E-05   0.13273944E-05   0.95770358E-09
         666   0.72507584E-07   0.13989427E-05   0.13273928E-05   0.95770872E-09
         667   0.72507671E-07   0.13989446E-05   0.13273946E-05   0.95770106E-09
         668   0.72507607E-07   0.13989432E-05   0.13273933E-05   0.95770865E-09
         669   0.72507627E-07   0.13989437E-05   0.13273937E-05   0.95770368E-09
         670   0.72507658E-07   0.13989443E-05   0.13273943E-05   0.95770435E-09
         671   0.72507586E-07   0.13989428E-05   0.13273929E-05   0.95770821E-09
         672   0.72507674E-07   0.13989446E-05   0.13273947E-05   0.95770113E-09
         673   0.72507599E-07   0.13989430E-05   0.13273931E-05   0.95770905E-09
         674   0.72507636E-07   0.13989438E-05   0.13273939E-05   0.95770296E-09
         675   0.72507650E-07   0.13989441E-05   0.13273941E-05   0.95770516E-09
         676   0.72507590E-07   0.13989429E-05   0.13273930E-05   0.95770759E-09
         677   0.72507676E-07   0.13989447E-05   0.13273947E-05   0.95770135E-09
         678   0.72507593E-07   0.13989429E-05   0.13273930E-05   0.95770929E-09
         679   0.72507644E-07   0.13989440E-05   0.13273941E-05   0.95770232E-09
         680   0.72507642E-07   0.13989439E-05   0.13273940E-05   0.95770597E-09
         681   0.72507595E-07   0.13989430E-05   0.13273931E-05   0.95770687E-09
         682   0.72507676E-07   0.13989447E-05   0.13273947E-05   0.95770172E-09
         683   0.72507588E-07   0.13989428E-05   0.13273929E-05   0.95770939E-09
         684   0.72507653E-07   0.13989442E-05   0.13273942E-05   0.95770180E-09
         685   0.72507633E-07   0.13989437E-05   0.13273938E-05   0.95770676E-09
         686   0.72507601E-07   0.13989431E-05   0.13273932E-05   0.95770610E-09
         687   0.72507674E-07   0.13989446E-05   0.13273946E-05   0.95770223E-09
         688   0.72507585E-07   0.13989427E-05   0.13273929E-05   0.95770932E-09
         689   0.72507660E-07   0.13989444E-05   0.13273944E-05   0.95770140E-09
         690   0.72507624E-07   0.13989435E-05   0.13273936E-05   0.95770748E-09
         691   0.72507609E-07   0.13989433E-05   0.13273934E-05   0.95770529E-09
         692   0.72507670E-07   0.13989445E-05   0.13273945E-05   0.95770285E-09
         693   0.72507584E-07   0.13989427E-05   0.13273928E-05   0.95770910E-09
         694   0.72507666E-07   0.13989445E-05   0.13273945E-05   0.95770115E-09
         695   0.72507615E-07   0.13989433E-05   0.13273934E-05   0.95770812E-09
         696   0.72507618E-07   0.13989435E-05   0.13273935E-05   0.95770448E-09
         697   0.72507665E-07   0.13989444E-05   0.13273944E-05   0.95770356E-09
         698   0.72507584E-07   0.13989427E-05   0.13273928E-05   0.95770872E-09
         699   0.72507671E-07   0.13989446E-05   0.13273946E-05   0.95770106E-09
         700   0.72507607E-07   0.13989432E-05   0.13273933E-05   0.95770865E-09
         701   0.72507626E-07   0.13989436E-05   0.13273937E-05   0.95770369E-09
         702   0.72507658E-07   0.13989443E-05   0.13273943E-05   0.95770434E-09
         703   0.72507586E-07   0.13989428E-05   0.13273929E-05   0.95770822E-09
         704   0.72507674E-07   0.13989446E-05   0.13273947E-05   0.95770112E-09
         705   0.72507599E-07   0.13989430E-05   0.13273931E-05   0.95770904E-09
         706   0.72507636E-07   0.13989438E-05   0.13273939E-05   0.95770297E-09
         707   0.72507651E-07   0.13989441E-05   0.13273941E-05   0.95770515E-09
         708   0.72507590E-07   0.13989429E-05   0.13273930E-05   0.95770760E-09
         709   0.72507676E-07   0.13989447E-05   0.13273947E-05   0.95770135E-09
         710   0.72507593E-07   0.13989429E-05   0.13273930E-05   0.95770929E-09
         711   0.72507644E-07   0.13989440E-05   0.13273941E-05   0.95770233E-09
         712   0.72507642E-07   0.13989439E-05   0.13273940E-05   0.95770596E-09
         713   0.72507595E-07   0.13989430E-05   0.13273931E-05   0.95770689E-09
         714   0.72507676E-07   0.13989447E-05   0.13273947E-05   0.95770172E-09
         715   0.72507588E-07   0.13989428E-05   0.13273929E-05   0.95770939E-09
         716   0.72507653E-07   0.13989442E-05   0.13273942E-05   0.95770180E-09
         717   0.72507633E-07   0.13989437E-05   0.13273938E-05   0.95770674E-09
         718   0.72507601E-07   0.13989431E-05   0.13273932E-05   0.95770611E-09
         719   0.72507674E-07   0.13989446E-05   0.13273946E-05   0.95770222E-09
         720   0.72507585E-07   0.13989427E-05   0.13273929E-05   0.95770932E-09
         721   0.72507660E-07   0.13989444E-05   0.13273944E-05   0.95770141E-09
         722   0.72507624E-07   0.13989435E-05   0.13273936E-05   0.95770747E-09
         723   0.72507609E-07   0.13989433E-05   0.13273934E-05   0.95770530E-09
         724   0.72507670E-07   0.13989445E-05   0.13273946E-05   0.95770284E-09
         725   0.72507584E-07   0.13989427E-05   0.13273928E-05   0.95770910E-09
         726   0.72507666E-07   0.13989445E-05   0.13273945E-05   0.95770115E-09
         727   0.72507615E-07   0.13989433E-05   0.13273934E-05   0.95770811E-09
         728   0.72507617E-07   0.13989435E-05   0.13273935E-05   0.95770449E-09
         729   0.72507665E-07   0.13989444E-05   0.13273944E-05   0.95770355E-09
         730   0.72507584E-07   0.13989427E-05   0.13273928E-05   0.95770873E-09
         731   0.72507671E-07   0.13989446E-05   0.13273946E-05   0.95770106E-09
         732   0.72507607E-07   0.13989432E-05   0.13273933E-05   0.95770864E-09
         733   0.72507626E-07   0.13989436E-05   0.13273937E-05   0.95770371E-09
         734   0.72507658E-07   0.13989443E-05   0.13273943E-05   0.95770433E-09
         735   0.72507586E-07   0.13989428E-05   0.13273929E-05   0.95770823E-09
         736   0.72507674E-07   0.13989446E-05   0.13273947E-05   0.95770112E-09
         737   0.72507600E-07   0.13989430E-05   0.13273931E-05   0.95770904E-09
         738   0.72507635E-07   0.13989438E-05   0.13273939E-05   0.95770298E-09
         739   0.72507651E-07   0.13989441E-05   0.13273941E-05   0.95770514E-09
         740   0.72507589E-07   0.13989428E-05   0.13273930E-05   0.95770761E-09
         741   0.72507676E-07   0.13989447E-05   0.13273947E-05   0.95770134E-09
         742   0.72507593E-07   0.13989429E-05   0.13273930E-05   0.95770929E-09
         743   0.72507644E-07   0.13989440E-05   0.13273941E-05   0.95770234E-09
         744   0.72507642E-07   0.13989439E-05   0.13273940E-05   0.95770595E-09
         745   0.72507595E-07   0.13989430E-05   0.13273931E-05   0.95770690E-09
         746   0.72507676E-07   0.13989447E-05   0.13273947E-05   0.95770171E-09
         747   0.72507588E-07   0.13989428E-05   0.13273929E-05   0.95770939E-09
         748   0.72507652E-07   0.13989442E-05   0.13273942E-05   0.95770181E-09
         749   0.72507633E-07   0.13989437E-05   0.13273938E-05   0.95770673E-09
         750   0.72507601E-07   0.13989431E-05   0.13273932E-05   0.95770612E-09
         751   0.72507674E-07   0.13989446E-05   0.13273946E-05   0.95770221E-09
         752   0.72507585E-07   0.13989427E-05   0.13273929E-05   0.95770932E-09
         753   0.72507660E-07   0.13989443E-05   0.13273944E-05   0.95770141E-09
         754   0.72507624E-07   0.13989435E-05   0.13273936E-05   0.95770746E-09
         755   0.72507609E-07   0.13989433E-05   0.13273934E-05   0.95770532E-09
         756   0.72507670E-07   0.13989445E-05   0.13273946E-05   0.95770283E-09
         757   0.72507584E-07   0.13989427E-05   0.13273928E-05   0.95770911E-09
         758   0.72507666E-07   0.13989445E-05   0.13273945E-05   0.95770116E-09
         759   0.72507615E-07   0.13989433E-05   0.13273934E-05   0.95770810E-09
         760   0.72507617E-07   0.13989435E-05   0.13273935E-05   0.95770450E-09
         761   0.72507665E-07   0.13989444E-05   0.13273944E-05   0.95770354E-09
         762   0.72507584E-07   0.13989427E-05   0.13273928E-05   0.95770874E-09
         763   0.72507671E-07   0.13989446E-05   0.13273946E-05   0.95770106E-09
         764   0.72507607E-07   0.13989432E-05   0.13273933E-05   0.95770863E-09
         765   0.72507626E-07   0.13989436E-05   0.13273937E-05   0.95770372E-09
         766   0.72507658E-07   0.13989443E-05   0.13273943E-05   0.95770431E-09
         767   0.72507586E-07   0.13989428E-05   0.13273929E-05   0.95770824E-09
         768   0.72507674E-07   0.13989446E-05   0.13273947E-05   0.95770112E-09
         769   0.72507600E-07   0.13989430E-05   0.13273931E-05   0.95770903E-09
         770   0.72507635E-07   0.13989438E-05   0.13273939E-05   0.95770299E-09
         771   0.72507651E-07   0.13989441E-05   0.13273942E-05   0.95770512E-09
         772   0.72507589E-07   0.13989428E-05   0.13273930E-05   0.95770762E-09
         773   0.72507676E-07   0.13989447E-05   0.13273947E-05   0.95770134E-09
         774   0.72507593E-07   0.13989429E-05   0.13273930E-05   0.95770929E-09
         775   0.72507644E-07   0.13989440E-05   0.13273941E-05   0.95770235E-09
         776   0.72507642E-07   0.13989439E-05   0.13273940E-05   0.95770593E-09
         777   0.72507595E-07   0.13989430E-05   0.13273931E-05   0.95770691E-09
         778   0.72507676E-07   0.13989447E-05   0.13273947E-05   0.95770170E-09
         779   0.72507589E-07   0.13989428E-05   0.13273929E-05   0.95770939E-09
         780   0.72507652E-07   0.13989442E-05   0.13273942E-05   0.95770182E-09
         781   0.72507633E-07   0.13989437E-05   0.13273938E-05   0.95770672E-09
         782   0.72507601E-07   0.13989431E-05   0.13273932E-05   0.95770614E-09
         783   0.72507674E-07   0.13989446E-05   0.13273946E-05   0.95770220E-09
         784   0.72507585E-07   0.13989427E-05   0.13273929E-05   0.95770933E-09
         785   0.72507660E-07   0.13989443E-05   0.13273944E-05   0.95770142E-09
         786   0.72507624E-07   0.13989435E-05   0.13273936E-05   0.95770745E-09
         787   0.72507609E-07   0.13989433E-05   0.13273934E-05   0.95770533E-09
         788   0.72507670E-07   0.13989445E-05   0.13273946E-05   0.95770282E-09
         789   0.72507584E-07   0.13989427E-05   0.13273928E-05   0.95770911E-09
         790   0.72507666E-07   0.13989445E-05   0.13273945E-05   0.95770116E-09
         791   0.72507616E-07   0.13989434E-05   0.13273934E-05   0.95770809E-09
         792   0.72507617E-07   0.13989435E-05   0.13273935E-05   0.95770452E-09
         793   0.72507665E-07   0.13989444E-05   0.13273944E-05   0.95770353E-09
         794   0.72507584E-07   0.13989427E-05   0.13273928E-05   0.95770874E-09
         795   0.72507671E-07   0.13989446E-05   0.13273946E-05   0.95770106E-09
         796   0.72507607E-07   0.13989432E-05   0.13273933E-05   0.95770862E-09
         797   0.72507626E-07   0.13989436E-05   0.13273937E-05   0.95770373E-09
         798   0.72507659E-07   0.13989443E-05   0.13273943E-05   0.95770430E-09
         799   0.72507586E-07   0.13989428E-05   0.13273929E-05   0.95770824E-09
         800   0.72507674E-07   0.13989446E-05   0.13273947E-05   0.95770112E-09
         801   0.72507600E-07   0.13989430E-05   0.13273931E-05   0.95770903E-09
         802   0.72507635E-07   0.13989438E-05   0.13273939E-05   0.95770300E-09
         803   0.72507651E-07   0.13989441E-05   0.13273942E-05   0.95770511E-09
         804   0.72507589E-07   0.13989428E-05   0.13273930E-05   0.95770763E-09
         805   0.72507676E-07   0.13989447E-05   0.13273947E-05   0.95770133E-09
         806   0.72507594E-07   0.13989429E-05   0.13273930E-05   0.95770928E-09
         807   0.72507644E-07   0.13989440E-05   0.13273941E-05   0.95770236E-09
         808   0.72507642E-07   0.13989439E-05   0.13273940E-05   0.95770592E-09
         809   0.72507594E-07   0.13989430E-05   0.13273931E-05   0.95770692E-09
         810   0.72507676E-07   0.13989447E-05   0.13273947E-05   0.95770170E-09
         811   0.72507589E-07   0.13989428E-05   0.13273929E-05   0.95770939E-09
         812   0.72507652E-07   0.13989442E-05   0.13273942E-05   0.95770183E-09
         813   0.72507634E-07   0.13989437E-05   0.13273938E-05   0.95770671E-09
         814   0.72507601E-07   0.13989431E-05   0.13273932E-05   0.95770615E-09
         815   0.72507674E-07   0.13989446E-05   0.13273946E-05   0.95770219E-09
         816   0.72507585E-07   0.13989427E-05   0.13273929E-05   0.95770933E-09
         817   0.72507660E-07   0.13989443E-05   0.13273944E-05   0.95770142E-09
         818   0.72507625E-07   0.13989435E-05   0.13273936E-05   0.95770744E-09
         819   0.72507609E-07   0.13989433E-05   0.13273934E-05   0.95770534E-09
         820   0.72507670E-07   0.13989445E-05   0.13273946E-05   0.95770281E-09
         821   0.72507584E-07   0.13989427E-05   0.13273928E-05   0.95770911E-09
         822   0.72507666E-07   0.13989445E-05   0.13273945E-05   0.95770116E-09
         823   0.72507616E-07   0.13989434E-05   0.13273934E-05   0.95770808E-09
         824   0.72507617E-07   0.13989434E-05   0.13273935E-05   0.95770453E-09
         825   0.72507665E-07   0.13989444E-05   0.13273944E-05   0.95770352E-09
         826   0.72507584E-07   0.13989427E-05   0.13273928E-05   0.95770875E-09
         827   0.72507671E-07   0.13989446E-05   0.13273946E-05   0.95770106E-09
         828   0.72507607E-07   0.13989432E-05   0.13273933E-05   0.95770862E-09
         829   0.72507626E-07   0.13989436E-05   0.13273937E-05   0.95770374E-09
         830   0.72507659E-07   0.13989443E-05   0.13273943E-05   0.95770429E-09
         831   0.72507586E-07   0.13989428E-05   0.13273929E-05   0.95770825E-09
         832   0.72507674E-07   0.13989446E-05   0.13273947E-05   0.95770111E-09
         833   0.72507600E-07   0.13989430E-05   0.13273931E-05   0.95770902E-09
         834   0.72507635E-07   0.13989438E-05   0.13273939E-05   0.95770301E-09
         835   0.72507651E-07   0.13989441E-05   0.13273942E-05   0.95770510E-09
         836   0.72507589E-07   0.13989428E-05   0.13273930E-05   0.95770764E-09
         837   0.72507676E-07   0.13989447E-05   0.13273947E-05   0.95770133E-09
         838   0.72507594E-07   0.13989429E-05   0.13273930E-05   0.95770928E-09
         839   0.72507644E-07   0.13989440E-05   0.13273941E-05   0.95770237E-09
         840   0.72507643E-07   0.13989439E-05   0.13273940E-05   0.95770591E-09
         841   0.72507594E-07   0.13989430E-05   0.13273931E-05   0.95770693E-09
         842   0.72507676E-07   0.13989447E-05   0.13273947E-05   0.95770169E-09
         843   0.72507589E-07   0.13989428E-05   0.13273929E-05   0.95770939E-09
         844   0.72507652E-07   0.13989442E-05   0.13273942E-05   0.95770183E-09
         845   0.72507634E-07   0.13989437E-05   0.13273938E-05   0.95770670E-09
         846   0.72507601E-07   0.13989431E-05   0.13273932E-05   0.95770616E-09
         847   0.72507674E-07   0.13989446E-05   0.13273946E-05   0.95770219E-09
         848   0.72507585E-07   0.13989427E-05   0.13273929E-05   0.95770933E-09
         849   0.72507660E-07   0.13989443E-05   0.13273944E-05   0.95770143E-09
         850   0.72507625E-07   0.13989435E-05   0.13273936E-05   0.95770743E-09
         851   0.72507608E-07   0.13989433E-05   0.13273934E-05   0.95770535E-09
         852   0.72507670E-07   0.13989445E-05   0.13273946E-05   0.95770280E-09
         853   0.72507584E-07   0.13989427E-05   0.13273928E-05   0.95770912E-09
         854   0.72507666E-07   0.13989445E-05   0.13273945E-05   0.95770117E-09
         855   0.72507616E-07   0.13989434E-05   0.13273934E-05   0.95770807E-09
         856   0.72507617E-07   0.13989434E-05   0.13273935E-05   0.95770454E-09
         857   0.72507665E-07   0.13989444E-05   0.13273944E-05   0.95770350E-09
         858   0.72507584E-07   0.13989427E-05   0.13273928E-05   0.95770876E-09
         859   0.72507671E-07   0.13989446E-05   0.13273946E-05   0.95770106E-09
         860   0.72507607E-07   0.13989432E-05   0.13273933E-05   0.95770861E-09
         861   0.72507626E-07   0.13989436E-05   0.13273937E-05   0.95770375E-09
         862   0.72507659E-07   0.13989443E-05   0.13273943E-05   0.95770428E-09
         863   0.72507586E-07   0.13989428E-05   0.13273929E-05   0.95770826E-09
         864   0.72507674E-07   0.13989446E-05   0.13273947E-05   0.95770111E-09
         865   0.72507600E-07   0.13989430E-05   0.13273931E-05   0.95770902E-09
         866   0.72507635E-07   0.13989438E-05   0.13273939E-05   0.95770302E-09
         867   0.72507651E-07   0.13989441E-05   0.13273942E-05   0.95770508E-09
         868   0.72507589E-07   0.13989428E-05   0.13273930E-05   0.95770765E-09
         869   0.72507676E-07   0.13989447E-05   0.13273947E-05   0.95770132E-09
         870   0.72507594E-07   0.13989429E-05   0.13273930E-05   0.95770928E-09
         871   0.72507644E-07   0.13989440E-05   0.13273941E-05   0.95770238E-09
         872   0.72507643E-07   0.13989439E-05   0.13273940E-05   0.95770590E-09
         873   0.72507594E-07   0.13989430E-05   0.13273931E-05   0.95770695E-09
         874   0.72507676E-07   0.13989447E-05   0.13273947E-05   0.95770168E-09
         875   0.72507589E-07   0.13989428E-05   0.13273929E-05   0.95770938E-09
         876   0.72507652E-07   0.13989442E-05   0.13273942E-05   0.95770184E-09
         877   0.72507634E-07   0.13989437E-05   0.13273938E-05   0.95770668E-09
         878   0.72507601E-07   0.13989431E-05   0.13273932E-05   0.95770617E-09
         879   0.72507674E-07   0.13989446E-05   0.13273946E-05   0.95770218E-09
         880   0.72507585E-07   0.13989427E-05   0.13273929E-05   0.95770933E-09
         881   0.72507659E-07   0.13989443E-05   0.13273944E-05   0.95770143E-09
         882   0.72507625E-07   0.13989435E-05   0.13273936E-05   0.95770741E-09
         883   0.72507608E-07   0.13989433E-05   0.13273934E-05   0.95770537E-09
         884   0.72507670E-07   0.13989445E-05   0.13273946E-05   0.95770279E-09
         885   0.72507584E-07   0.13989427E-05   0.13273928E-05   0.95770912E-09
         886   0.72507666E-07   0.13989445E-05   0.13273945E-05   0.95770117E-09
         887   0.72507616E-07   0.13989434E-05   0.13273935E-05   0.95770806E-09
         888   0.72507617E-07   0.13989434E-05   0.13273935E-05   0.95770455E-09
         889   0.72507665E-07   0.13989444E-05   0.13273945E-05   0.95770349E-09
         890   0.72507584E-07   0.13989427E-05   0.13273928E-05   0.95770877E-09
         891   0.72507671E-07   0.13989446E-05   0.13273946E-05   0.95770106E-09
         892   0.72507608E-07   0.13989432E-05   0.13273933E-05   0.95770860E-09
         893   0.72507626E-07   0.13989436E-05   0.13273937E-05   0.95770377E-09
         894   0.72507659E-07   0.13989443E-05   0.13273943E-05   0.95770426E-09
         895   0.72507586E-07   0.13989428E-05   0.13273929E-05   0.95770827E-09
         896   0.72507674E-07   0.13989446E-05   0.13273947E-05   0.95770111E-09
         897   0.72507600E-07   0.13989430E-05   0.13273931E-05   0.95770901E-09
         898   0.72507635E-07   0.13989438E-05   0.13273939E-05   0.95770304E-09
         899   0.72507651E-07   0.13989441E-05   0.13273942E-05   0.95770507E-09
         900   0.72507589E-07   0.13989428E-05   0.13273930E-05   0.95770766E-09
         901   0.72507676E-07   0.13989447E-05   0.13273947E-05   0.95770132E-09
         902   0.72507594E-07   0.13989429E-05   0.13273930E-05   0.95770927E-09
         903   0.72507644E-07   0.13989440E-05   0.13273941E-05   0.95770239E-09
         904   0.72507643E-07   0.13989439E-05   0.13273940E-05   0.95770588E-09
         905   0.72507594E-07   0.13989430E-05   0.13273931E-05   0.95770696E-09
         906   0.72507676E-07   0.13989447E-05   0.13273947E-05   0.95770168E-09
         907   0.72507589E-07   0.13989428E-05   0.13273929E-05   0.95770938E-09
         908   0.72507652E-07   0.13989442E-05   0.13273942E-05   0.95770185E-09
         909   0.72507634E-07   0.13989437E-05   0.13273938E-05   0.95770667E-09
         910   0.72507601E-07   0.13989431E-05   0.13273932E-05   0.95770619E-09
         911   0.72507674E-07   0.13989446E-05   0.13273946E-05   0.95770217E-09
         912   0.72507585E-07   0.13989427E-05   0.13273929E-05   0.95770933E-09
         913   0.72507659E-07   0.13989443E-05   0.13273944E-05   0.95770144E-09
         914   0.72507625E-07   0.13989435E-05   0.13273936E-05   0.95770740E-09
         915   0.72507608E-07   0.13989433E-05   0.13273934E-05   0.95770538E-09
         916   0.72507670E-07   0.13989445E-05   0.13273946E-05   0.95770278E-09
         917   0.72507584E-07   0.13989427E-05   0.13273928E-05   0.95770913E-09
         918   0.72507666E-07   0.13989445E-05   0.13273945E-05   0.95770117E-09
         919   0.72507616E-07   0.13989434E-05   0.13273935E-05   0.95770805E-09
         920   0.72507617E-07   0.13989434E-05   0.13273935E-05   0.95770457E-09
         921   0.72507665E-07   0.13989444E-05   0.13273945E-05   0.95770348E-09
         922   0.72507584E-07   0.13989427E-05   0.13273928E-05   0.95770877E-09
         923   0.72507671E-07   0.13989446E-05   0.13273946E-05   0.95770106E-09
         924   0.72507608E-07   0.13989432E-05   0.13273933E-05   0.95770859E-09
         925   0.72507625E-07   0.13989436E-05   0.13273937E-05   0.95770378E-09
         926   0.72507659E-07   0.13989443E-05   0.13273943E-05   0.95770425E-09
         927   0.72507586E-07   0.13989428E-05   0.13273929E-05   0.95770828E-09
         928   0.72507674E-07   0.13989446E-05   0.13273947E-05   0.95770111E-09
         929   0.72507600E-07   0.13989430E-05   0.13273931E-05   0.95770900E-09
         930   0.72507635E-07   0.13989438E-05   0.13273939E-05   0.95770305E-09
         931   0.72507651E-07   0.13989441E-05   0.13273942E-05   0.95770506E-09
         932   0.72507589E-07   0.13989428E-05   0.13273930E-05   0.95770767E-09
         933   0.72507676E-07   0.13989447E-05   0.13273947E-05   0.95770131E-09
         934   0.72507594E-07   0.13989429E-05   0.13273930E-05   0.95770927E-09
         935   0.72507643E-07   0.13989440E-05   0.13273941E-05   0.95770240E-09
         936   0.72507643E-07   0.13989439E-05   0.13273940E-05   0.95770587E-09
         937   0.72507594E-07   0.13989430E-05   0.13273931E-05   0.95770697E-09
         938   0.72507676E-07   0.13989447E-05   0.13273947E-05   0.95770167E-09
         939   0.72507589E-07   0.13989428E-05   0.13273929E-05   0.95770938E-09
         940   0.72507652E-07   0.13989442E-05   0.13273942E-05   0.95770186E-09
         941   0.72507634E-07   0.13989437E-05   0.13273938E-05   0.95770666E-09
         942   0.72507601E-07   0.13989431E-05   0.13273932E-05   0.95770620E-09
         943   0.72507674E-07   0.13989446E-05   0.13273946E-05   0.95770216E-09
         944   0.72507585E-07   0.13989427E-05   0.13273929E-05   0.95770934E-09
         945   0.72507659E-07   0.13989443E-05   0.13273944E-05   0.95770144E-09
         946   0.72507625E-07   0.13989436E-05   0.13273936E-05   0.95770739E-09
         947   0.72507608E-07   0.13989433E-05   0.13273934E-05   0.95770539E-09
         948   0.72507671E-07   0.13989445E-05   0.13273946E-05   0.95770277E-09
         949   0.72507584E-07   0.13989427E-05   0.13273928E-05   0.95770913E-09
         950   0.72507666E-07   0.13989445E-05   0.13273945E-05   0.95770117E-09
         951   0.72507616E-07   0.13989434E-05   0.13273935E-05   0.95770804E-09
         952   0.72507616E-07   0.13989434E-05   0.13273935E-05   0.95770458E-09
         953   0.72507665E-07   0.13989444E-05   0.13273945E-05   0.95770347E-09
         954   0.72507584E-07   0.13989427E-05   0.13273928E-05   0.95770878E-09
         955   0.72507671E-07   0.13989446E-05   0.13273946E-05   0.95770106E-09
         956   0.72507608E-07   0.13989432E-05   0.13273933E-05   0.95770859E-09
         957   0.72507625E-07   0.13989436E-05   0.13273937E-05   0.95770379E-09
         958   0.72507659E-07   0.13989443E-05   0.13273943E-05   0.95770424E-09
         959   0.72507585E-07   0.13989428E-05   0.13273929E-05   0.95770829E-09
         960   0.72507674E-07   0.13989446E-05   0.13273947E-05   0.95770111E-09
         961   0.72507600E-07   0.13989430E-05   0.13273931E-05   0.95770900E-09
         962   0.72507634E-07   0.13989438E-05   0.13273939E-05   0.95770306E-09
         963   0.72507652E-07   0.13989441E-05   0.13273942E-05   0.95770504E-09
         964   0.72507589E-07   0.13989428E-05   0.13273930E-05   0.95770768E-09
         965   0.72507676E-07   0.13989447E-05   0.13273947E-05   0.95770131E-09
         966   0.72507594E-07   0.13989429E-05   0.13273930E-05   0.95770927E-09
         967   0.72507643E-07   0.13989440E-05   0.13273941E-05   0.95770241E-09
         968   0.72507643E-07   0.13989439E-05   0.13273940E-05   0.95770586E-09
         969   0.72507594E-07   0.13989430E-05   0.13273931E-05   0.95770698E-09
         970   0.72507676E-07   0.13989447E-05   0.13273947E-05   0.95770166E-09
         971   0.72507589E-07   0.13989428E-05   0.13273929E-05   0.95770938E-09
         972   0.72507652E-07   0.13989442E-05   0.13273942E-05   0.95770186E-09
         973   0.72507634E-07   0.13989437E-05   0.13273938E-05   0.95770665E-09
         974   0.72507600E-07   0.13989431E-05   0.13273932E-05   0.95770621E-09
         975   0.72507674E-07   0.13989446E-05   0.13273946E-05   0.95770215E-09
         976   0.72507585E-07   0.13989427E-05   0.13273929E-05   0.95770934E-09
         977   0.72507659E-07   0.13989443E-05   0.13273944E-05   0.95770145E-09
         978   0.72507625E-07   0.13989436E-05   0.13273936E-05   0.95770738E-09
         979   0.72507608E-07   0.13989433E-05   0.13273934E-05   0.95770541E-09
         980   0.72507671E-07   0.13989445E-05   0.13273946E-05   0.95770276E-09
         981   0.72507584E-07   0.13989427E-05   0.13273928E-05   0.95770914E-09
         982   0.72507666E-07   0.13989445E-05   0.13273945E-05   0.95770118E-09
         983   0.72507616E-07   0.13989434E-05   0.13273935E-05   0.95770803E-09
         984   0.72507616E-07   0.13989434E-05   0.13273935E-05   0.95770459E-09
         985   0.72507666E-07   0.13989444E-05   0.13273945E-05   0.95770346E-09
         986   0.72507584E-07   0.13989427E-05   0.13273928E-05   0.95770879E-09
         987   0.72507671E-07   0.13989446E-05   0.13273946E-05   0.95770106E-09
         988   0.72507608E-07   0.13989432E-05   0.13273933E-05   0.95770858E-09
         989   0.72507625E-07   0.13989436E-05   0.13273937E-05   0.95770380E-09
         990   0.72507659E-07   0.13989443E-05   0.13273943E-05   0.95770423E-09
         991   0.72507585E-07   0.13989428E-05   0.13273929E-05   0.95770830E-09
         992   0.72507674E-07   0.13989446E-05   0.13273947E-05   0.95770110E-09
         993   0.72507600E-07   0.13989430E-05   0.13273931E-05   0.95770899E-09
         994   0.72507634E-07   0.13989438E-05   0.13273939E-05   0.95770307E-09
         995   0.72507652E-07   0.13989441E-05   0.13273942E-05   0.95770503E-09
         996   0.72507589E-07   0.13989428E-05   0.13273930E-05   0.95770769E-09
         997   0.72507676E-07   0.13989447E-05   0.13273947E-05   0.95770130E-09
         998   0.72507594E-07   0.13989429E-05   0.13273930E-05   0.95770927E-09
         999   0.72507643E-07   0.13989440E-05   0.13273941E-05   0.95770242E-09
        1000   0.72507643E-07   0.13989439E-05   0.13273940E-05   0.95770584E-09
