           1   0.71302384E-05   0.13941038E-03   0.13228014E-03   0.00000000E+00
           2   0.33156954E-05   0.64828455E-04   0.61512760E-04   0.00000000E+00
           3   0.19410910E-05   0.37952199E-04   0.36011108E-04   0.00000000E+00
           4   0.11341656E-05   0.22175199E-04   0.21041033E-04   0.00000000E+00
           5   0.66021642E-06   0.12908547E-04   0.12248331E-04   0.00000000E+00
           6   0.39130368E-06   0.76507672E-05   0.72594635E-05   0.00000000E+00
           7   0.24539817E-06   0.47980235E-05   0.45526253E-05   0.00000000E+00
           8   0.16748644E-06   0.32746938E-05   0.31072073E-05   0.00000000E+00
           9   0.12601861E-06   0.24639152E-05   0.23378966E-05   0.00000000E+00
          10   0.10335572E-06   0.20208103E-05   0.19174546E-05   0.00000000E+00
          11   0.90540142E-07   0.17702403E-05   0.16797002E-05   0.00000000E+00
          12   0.83073518E-07   0.16242529E-05   0.15411794E-05   0.00000000E+00
          13   0.78619875E-07   0.15371753E-05   0.14585554E-05   0.00000000E+00
          14   0.75919259E-07   0.14843729E-05   0.14084536E-05   0.00000000E+00
          15   0.74263188E-07   0.14519934E-05   0.13777302E-05   0.00000000E+00
          16   0.73239746E-07   0.14319831E-05   0.13587433E-05   0.00000000E+00
          17   0.72604513E-07   0.14195630E-05   0.13469585E-05   0.00000000E+00
          18   0.72208786E-07   0.14118257E-05   0.13396169E-05   0.00000000E+00
          19   0.71961878E-07   0.14069982E-05   0.13350363E-05   0.00000000E+00
          20   0.71807684E-07   0.14039834E-05   0.13321757E-05   0.00000000E+00
          21   0.71711142E-07   0.14020958E-05   0.13303847E-05   0.00000000E+00
          22   0.71650901E-07   0.14009180E-05   0.13292671E-05   0.00000000E+00
          23   0.71613083E-07   0.14001786E-05   0.13285655E-05   0.00000000E+00
          24   0.71589466E-07   0.13997168E-05   0.13281273E-05   0.00000000E+00
          25   0.71574718E-07   0.13994284E-05   0.13278537E-05   0.00000000E+00
          26   0.71565376E-07   0.13992458E-05   0.13276804E-05   0.00000000E+00
          27   0.71559675E-07   0.13991343E-05   0.13275747E-05   0.00000000E+00
          28   0.71555971E-07   0.13990619E-05   0.13275059E-05   0.00000000E+00
          29   0.71553730E-07   0.13990181E-05   0.13274643E-05   0.00000000E+00
          30   0.71552332E-07   0.13989908E-05   0.13274384E-05   0.00000000E+00
          31   0.71551370E-07   0.13989719E-05   0.13274206E-05   0.00000000E+00
          32   0.71550907E-07   0.13989629E-05   0.13274120E-05   0.00000000E+00
          33   0.71550472E-07   0.13989544E-05   0.13274039E-05   0.00000000E+00
          34   0.71550302E-07   0.13989511E-05   0.13274008E-05   0.00000000E+00
          35   0.71550171E-07   0.13989485E-05   0.13273983E-05   0.00000000E+00
          36   0.71550027E-07   0.13989457E-05   0.13273957E-05   0.00000000E+00
          37   0.71550064E-07   0.13989464E-05   0.13273964E-05   0.00000000E+00
          38   0.71549938E-07   0.13989440E-05   0.13273940E-05   0.00000000E+00
          39   0.71549980E-07   0.13989448E-05   0.13273948E-05   0.00000000E+00
          40   0.71549955E-07   0.13989443E-05   0.13273943E-05   0.00000000E+00
          41   0.71549904E-07   0.13989433E-05   0.13273934E-05   0.00000000E+00
          42   0.71549982E-07   0.13989448E-05   0.13273948E-05   0.00000000E+00
          43   0.71549883E-07   0.13989429E-05   0.13273930E-05   0.00000000E+00
          44   0.71549957E-07   0.13989443E-05   0.13273944E-05   0.00000000E+00
          45   0.71549925E-07   0.13989437E-05   0.13273938E-05   0.00000000E+00
          46   0.71549899E-07   0.13989432E-05   0.13273933E-05   0.00000000E+00
          47   0.71549971E-07   0.13989446E-05   0.13273946E-05   0.00000000E+00
          48   0.71549876E-07   0.13989427E-05   0.13273929E-05   0.00000000E+00
          49   0.71549961E-07   0.13989444E-05   0.13273944E-05   0.00000000E+00
          50   0.71549914E-07   0.13989435E-05   0.13273936E-05   0.00000000E+00
          51   0.71549907E-07   0.13989433E-05   0.13273934E-05   0.00000000E+00
          52   0.71549965E-07   0.13989445E-05   0.13273945E-05   0.00000000E+00
          53   0.71549875E-07   0.13989427E-05   0.13273928E-05   0.00000000E+00
          54   0.71549967E-07   0.13989445E-05   0.13273945E-05   0.00000000E+00
          55   0.71549904E-07   0.13989433E-05   0.13273934E-05   0.00000000E+00
          56   0.71549916E-07   0.13989435E-05   0.13273936E-05   0.00000000E+00
          57   0.71549959E-07   0.13989444E-05   0.13273944E-05   0.00000000E+00
          58   0.71549876E-07   0.13989427E-05   0.13273929E-05   0.00000000E+00
          59   0.71549971E-07   0.13989446E-05   0.13273946E-05   0.00000000E+00
          60   0.71549896E-07   0.13989431E-05   0.13273932E-05   0.00000000E+00
          61   0.71549926E-07   0.13989437E-05   0.13273938E-05   0.00000000E+00
          62   0.71549951E-07   0.13989442E-05   0.13273943E-05   0.00000000E+00
          63   0.71549879E-07   0.13989428E-05   0.13273929E-05   0.00000000E+00
          64   0.71549974E-07   0.13989446E-05   0.13273947E-05   0.00000000E+00
          65   0.71549888E-07   0.13989430E-05   0.13273931E-05   0.00000000E+00
          66   0.71549936E-07   0.13989439E-05   0.13273940E-05   0.00000000E+00
          67   0.71549942E-07   0.13989440E-05   0.13273941E-05   0.00000000E+00
          68   0.71549884E-07   0.13989429E-05   0.13273930E-05   0.00000000E+00
          69   0.71549975E-07   0.13989447E-05   0.13273947E-05   0.00000000E+00
          70   0.71549882E-07   0.13989429E-05   0.13273930E-05   0.00000000E+00
          71   0.71549945E-07   0.13989441E-05   0.13273941E-05   0.00000000E+00
          72   0.71549933E-07   0.13989439E-05   0.13273939E-05   0.00000000E+00
          73   0.71549890E-07   0.13989430E-05   0.13273931E-05   0.00000000E+00
          74   0.71549973E-07   0.13989446E-05   0.13273947E-05   0.00000000E+00
          75   0.71549878E-07   0.13989428E-05   0.13273929E-05   0.00000000E+00
          76   0.71549953E-07   0.13989442E-05   0.13273943E-05   0.00000000E+00
          77   0.71549923E-07   0.13989437E-05   0.13273937E-05   0.00000000E+00
          78   0.71549898E-07   0.13989432E-05   0.13273933E-05   0.00000000E+00
          79   0.71549970E-07   0.13989446E-05   0.13273946E-05   0.00000000E+00
          80   0.71549875E-07   0.13989427E-05   0.13273928E-05   0.00000000E+00
          81   0.71549961E-07   0.13989444E-05   0.13273944E-05   0.00000000E+00
          82   0.71549914E-07   0.13989435E-05   0.13273936E-05   0.00000000E+00
          83   0.71549907E-07   0.13989433E-05   0.13273934E-05   0.00000000E+00
          84   0.71549965E-07   0.13989445E-05   0.13273945E-05   0.00000000E+00
          85   0.71549874E-07   0.13989427E-05   0.13273928E-05   0.00000000E+00
          86   0.71549967E-07   0.13989445E-05   0.13273945E-05   0.00000000E+00
          87   0.71549904E-07   0.13989433E-05   0.13273934E-05   0.00000000E+00
          88   0.71549916E-07   0.13989435E-05   0.13273936E-05   0.00000000E+00
          89   0.71549959E-07   0.13989444E-05   0.13273944E-05   0.00000000E+00
          90   0.71549876E-07   0.13989427E-05   0.13273929E-05   0.00000000E+00
          91   0.71549971E-07   0.13989446E-05   0.13273946E-05   0.00000000E+00
          92   0.71549896E-07   0.13989431E-05   0.13273932E-05   0.00000000E+00
          93   0.71549926E-07   0.13989437E-05   0.13273938E-05   0.00000000E+00
          94   0.71549951E-07   0.13989442E-05   0.13273943E-05   0.00000000E+00
          95   0.71549879E-07   0.13989428E-05   0.13273929E-05   0.00000000E+00
          96   0.71549974E-07   0.13989446E-05   0.13273947E-05   0.00000000E+00
          97   0.71549888E-07   0.13989430E-05   0.13273931E-05   0.00000000E+00
          98   0.71549935E-07   0.13989439E-05   0.13273940E-05   0.00000000E+00
          99   0.71549943E-07   0.13989440E-05   0.13273941E-05   0.00000000E+00
         100   0.71549884E-07   0.13989429E-05   0.13273930E-05   0.00000000E+00
         101   0.71549975E-07   0.13989447E-05   0.13273947E-05   0.00000000E+00
         102   0.71549882E-07   0.13989429E-05   0.13273930E-05   0.00000000E+00
         103   0.71549945E-07   0.13989441E-05   0.13273941E-05   0.00000000E+00
         104   0.71549933E-07   0.13989439E-05   0.13273939E-05   0.00000000E+00
         105   0.71549890E-07   0.13989430E-05   0.13273931E-05   0.00000000E+00
         106   0.71549973E-07   0.13989446E-05   0.13273947E-05   0.00000000E+00
         107   0.71549878E-07   0.13989428E-05   0.13273929E-05   0.00000000E+00
         108   0.71549953E-07   0.13989442E-05   0.13273943E-05   0.00000000E+00
         109   0.71549923E-07   0.13989437E-05   0.13273937E-05   0.00000000E+00
         110   0.71549898E-07   0.13989432E-05   0.13273933E-05   0.00000000E+00
         111   0.71549970E-07   0.13989446E-05   0.13273946E-05   0.00000000E+00
         112   0.71549875E-07   0.13989427E-05   0.13273928E-05   0.00000000E+00
         113   0.71549961E-07   0.13989444E-05   0.13273944E-05   0.00000000E+00
         114   0.71549914E-07   0.13989435E-05   0.13273936E-05   0.00000000E+00
         115   0.71549906E-07   0.13989433E-05   0.13273934E-05   0.00000000E+00
         116   0.71549966E-07   0.13989445E-05   0.13273945E-05   0.00000000E+00
         117   0.71549874E-07   0.13989427E-05   0.13273928E-05   0.00000000E+00
         118   0.71549967E-07   0.13989445E-05   0.13273945E-05   0.00000000E+00
         119   0.71549904E-07   0.13989433E-05   0.13273934E-05   0.00000000E+00
         120   0.71549916E-07   0.13989435E-05   0.13273936E-05   0.00000000E+00
         121   0.71549959E-07   0.13989444E-05   0.13273944E-05   0.00000000E+00
         122   0.71549876E-07   0.13989427E-05   0.13273929E-05   0.00000000E+00
         123   0.71549971E-07   0.13989446E-05   0.13273946E-05   0.00000000E+00
         124   0.71549896E-07   0.13989431E-05   0.13273932E-05   0.00000000E+00
         125   0.71549926E-07   0.13989437E-05   0.13273938E-05   0.00000000E+00
         126   0.71549952E-07   0.13989442E-05   0.13273943E-05   0.00000000E+00
         127   0.71549879E-07   0.13989428E-05   0.13273929E-05   0.00000000E+00
         128   0.71549974E-07   0.13989446E-05   0.13273947E-05   0.00000000E+00
         129   0.71549888E-07   0.13989430E-05   0.13273931E-05   0.00000000E+00
         130   0.71549935E-07   0.13989439E-05   0.13273940E-05   0.00000000E+00
         131   0.71549943E-07   0.13989440E-05   0.13273941E-05   0.00000000E+00
         132   0.71549883E-07   0.13989429E-05   0.13273930E-05   0.00000000E+00
         133   0.71549975E-07   0.13989447E-05   0.13273947E-05   0.00000000E+00
         134   0.71549882E-07   0.13989429E-05   0.13273930E-05   0.00000000E+00
         135   0.71549945E-07   0.13989441E-05   0.13273941E-05   0.00000000E+00
         136   0.71549933E-07   0.13989439E-05   0.13273939E-05   0.00000000E+00
         137   0.71549890E-07   0.13989430E-05   0.13273931E-05   0.00000000E+00
         138   0.71549973E-07   0.13989446E-05   0.13273947E-05   0.00000000E+00
         139   0.71549878E-07   0.13989428E-05   0.13273929E-05   0.00000000E+00
         140   0.71549953E-07   0.13989442E-05   0.13273943E-05   0.00000000E+00
         141   0.71549924E-07   0.13989437E-05   0.13273937E-05   0.00000000E+00
         142   0.71549898E-07   0.13989432E-05   0.13273933E-05   0.00000000E+00
         143   0.71549970E-07   0.13989446E-05   0.13273946E-05   0.00000000E+00
         144   0.71549875E-07   0.13989427E-05   0.13273928E-05   0.00000000E+00
         145   0.71549961E-07   0.13989444E-05   0.13273944E-05   0.00000000E+00
         146   0.71549914E-07   0.13989435E-05   0.13273936E-05   0.00000000E+00
         147   0.71549906E-07   0.13989433E-05   0.13273934E-05   0.00000000E+00
         148   0.71549966E-07   0.13989445E-05   0.13273945E-05   0.00000000E+00
         149   0.71549874E-07   0.13989427E-05   0.13273928E-05   0.00000000E+00
         150   0.71549967E-07   0.13989445E-05   0.13273945E-05   0.00000000E+00
         151   0.71549905E-07   0.13989433E-05   0.13273934E-05   0.00000000E+00
         152   0.71549916E-07   0.13989435E-05   0.13273936E-05   0.00000000E+00
         153   0.71549959E-07   0.13989444E-05   0.13273944E-05   0.00000000E+00
         154   0.71549876E-07   0.13989427E-05   0.13273929E-05   0.00000000E+00
         155   0.71549971E-07   0.13989446E-05   0.13273946E-05   0.00000000E+00
         156   0.71549896E-07   0.13989431E-05   0.13273932E-05   0.00000000E+00
         157   0.71549925E-07   0.13989437E-05   0.13273938E-05   0.00000000E+00
         158   0.71549952E-07   0.13989442E-05   0.13273943E-05   0.00000000E+00
         159   0.71549879E-07   0.13989428E-05   0.13273929E-05   0.00000000E+00
         160   0.71549974E-07   0.13989446E-05   0.13273947E-05   0.00000000E+00
         161   0.71549889E-07   0.13989430E-05   0.13273931E-05   0.00000000E+00
         162   0.71549935E-07   0.13989439E-05   0.13273940E-05   0.00000000E+00
         163   0.71549943E-07   0.13989440E-05   0.13273941E-05   0.00000000E+00
         164   0.71549883E-07   0.13989429E-05   0.13273930E-05   0.00000000E+00
         165   0.71549975E-07   0.13989447E-05   0.13273947E-05   0.00000000E+00
         166   0.71549882E-07   0.13989429E-05   0.13273930E-05   0.00000000E+00
         167   0.71549944E-07   0.13989441E-05   0.13273941E-05   0.00000000E+00
         168   0.71549934E-07   0.13989439E-05   0.13273939E-05   0.00000000E+00
         169   0.71549890E-07   0.13989430E-05   0.13273931E-05   0.00000000E+00
         170   0.71549973E-07   0.13989446E-05   0.13273947E-05   0.00000000E+00
         171   0.71549878E-07   0.13989428E-05   0.13273929E-05   0.00000000E+00
         172   0.71549953E-07   0.13989442E-05   0.13273943E-05   0.00000000E+00
         173   0.71549924E-07   0.13989437E-05   0.13273937E-05   0.00000000E+00
         174   0.71549897E-07   0.13989432E-05   0.13273933E-05   0.00000000E+00
         175   0.71549971E-07   0.13989446E-05   0.13273946E-05   0.00000000E+00
         176   0.71549875E-07   0.13989427E-05   0.13273928E-05   0.00000000E+00
         177   0.71549960E-07   0.13989444E-05   0.13273944E-05   0.00000000E+00
         178   0.71549914E-07   0.13989435E-05   0.13273936E-05   0.00000000E+00
         179   0.71549906E-07   0.13989433E-05   0.13273934E-05   0.00000000E+00
         180   0.71549966E-07   0.13989445E-05   0.13273945E-05   0.00000000E+00
         181   0.71549874E-07   0.13989427E-05   0.13273928E-05   0.00000000E+00
         182   0.71549967E-07   0.13989445E-05   0.13273945E-05   0.00000000E+00
         183   0.71549905E-07   0.13989433E-05   0.13273934E-05   0.00000000E+00
         184   0.71549915E-07   0.13989435E-05   0.13273936E-05   0.00000000E+00
         185   0.71549959E-07   0.13989444E-05   0.13273944E-05   0.00000000E+00
         186   0.71549876E-07   0.13989427E-05   0.13273929E-05   0.00000000E+00
         187   0.71549971E-07   0.13989446E-05   0.13273946E-05   0.00000000E+00
         188   0.71549896E-07   0.13989431E-05   0.13273932E-05   0.00000000E+00
         189   0.71549925E-07   0.13989437E-05   0.13273938E-05   0.00000000E+00
         190   0.71549952E-07   0.13989442E-05   0.13273943E-05   0.00000000E+00
         191   0.71549879E-07   0.13989428E-05   0.13273929E-05   0.00000000E+00
         192   0.71549974E-07   0.13989446E-05   0.13273947E-05   0.00000000E+00
         193   0.71549889E-07   0.13989430E-05   0.13273931E-05   0.00000000E+00
         194   0.71549935E-07   0.13989439E-05   0.13273940E-05   0.00000000E+00
         195   0.71549943E-07   0.13989440E-05   0.13273941E-05   0.00000000E+00
         196   0.71549883E-07   0.13989429E-05   0.13273930E-05   0.00000000E+00
         197   0.71549975E-07   0.13989447E-05   0.13273947E-05   0.00000000E+00
         198   0.71549883E-07   0.13989429E-05   0.13273930E-05   0.00000000E+00
         199   0.71549944E-07   0.13989441E-05   0.13273941E-05   0.00000000E+00
         200   0.71549934E-07   0.13989439E-05   0.13273939E-05   0.00000000E+00
         201   0.71549890E-07   0.13989430E-05   0.13273931E-05   0.00000000E+00
         202   0.71549974E-07   0.13989446E-05   0.13273947E-05   0.00000000E+00
         203   0.71549878E-07   0.13989428E-05   0.13273929E-05   0.00000000E+00
         204   0.71549953E-07   0.13989442E-05   0.13273943E-05   0.00000000E+00
         205   0.71549924E-07   0.13989437E-05   0.13273937E-05   0.00000000E+00
         206   0.71549897E-07   0.13989432E-05   0.13273933E-05   0.00000000E+00
         207   0.71549971E-07   0.13989446E-05   0.13273946E-05   0.00000000E+00
         208   0.71549875E-07   0.13989427E-05   0.13273928E-05   0.00000000E+00
         209   0.71549960E-07   0.13989444E-05   0.13273944E-05   0.00000000E+00
         210   0.71549914E-07   0.13989435E-05   0.13273936E-05   0.00000000E+00
         211   0.71549906E-07   0.13989433E-05   0.13273934E-05   0.00000000E+00
         212   0.71549966E-07   0.13989445E-05   0.13273945E-05   0.00000000E+00
         213   0.71549874E-07   0.13989427E-05   0.13273928E-05   0.00000000E+00
         214   0.71549967E-07   0.13989445E-05   0.13273945E-05   0.00000000E+00
         215   0.71549905E-07   0.13989433E-05   0.13273934E-05   0.00000000E+00
         216   0.71549915E-07   0.13989435E-05   0.13273936E-05   0.00000000E+00
         217   0.71549960E-07   0.13989444E-05   0.13273944E-05   0.00000000E+00
         218   0.71549876E-07   0.13989427E-05   0.13273929E-05   0.00000000E+00
         219   0.71549971E-07   0.13989446E-05   0.13273946E-05   0.00000000E+00
         220   0.71549896E-07   0.13989431E-05   0.13273932E-05   0.00000000E+00
         221   0.71549925E-07   0.13989437E-05   0.13273938E-05   0.00000000E+00
         222   0.71549952E-07   0.13989442E-05   0.13273943E-05   0.00000000E+00
         223   0.71549878E-07   0.13989428E-05   0.13273929E-05   0.00000000E+00
         224   0.71549974E-07   0.13989446E-05   0.13273947E-05   0.00000000E+00
         225   0.71549889E-07   0.13989430E-05   0.13273931E-05   0.00000000E+00
         226   0.71549935E-07   0.13989439E-05   0.13273940E-05   0.00000000E+00
         227   0.71549943E-07   0.13989440E-05   0.13273941E-05   0.00000000E+00
         228   0.71549883E-07   0.13989429E-05   0.13273930E-05   0.00000000E+00
         229   0.71549975E-07   0.13989447E-05   0.13273947E-05   0.00000000E+00
         230   0.71549883E-07   0.13989429E-05   0.13273930E-05   0.00000000E+00
         231   0.71549944E-07   0.13989441E-05   0.13273941E-05   0.00000000E+00
         232   0.71549934E-07   0.13989439E-05   0.13273939E-05   0.00000000E+00
         233   0.71549889E-07   0.13989430E-05   0.13273931E-05   0.00000000E+00
         234   0.71549974E-07   0.13989446E-05   0.13273947E-05   0.00000000E+00
         235   0.71549878E-07   0.13989428E-05   0.13273929E-05   0.00000000E+00
         236   0.71549953E-07   0.13989442E-05   0.13273943E-05   0.00000000E+00
         237   0.71549924E-07   0.13989437E-05   0.13273938E-05   0.00000000E+00
         238   0.71549897E-07   0.13989431E-05   0.13273933E-05   0.00000000E+00
         239   0.71549971E-07   0.13989446E-05   0.13273946E-05   0.00000000E+00
         240   0.71549875E-07   0.13989427E-05   0.13273928E-05   0.00000000E+00
         241   0.71549960E-07   0.13989444E-05   0.13273944E-05   0.00000000E+00
         242   0.71549914E-07   0.13989435E-05   0.13273936E-05   0.00000000E+00
         243   0.71549906E-07   0.13989433E-05   0.13273934E-05   0.00000000E+00
         244   0.71549966E-07   0.13989445E-05   0.13273945E-05   0.00000000E+00
         245   0.71549874E-07   0.13989427E-05   0.13273928E-05   0.00000000E+00
         246   0.71549966E-07   0.13989445E-05   0.13273945E-05   0.00000000E+00
         247   0.71549905E-07   0.13989433E-05   0.13273934E-05   0.00000000E+00
         248   0.71549915E-07   0.13989435E-05   0.13273936E-05   0.00000000E+00
         249   0.71549960E-07   0.13989444E-05   0.13273944E-05   0.00000000E+00
         250   0.71549876E-07   0.13989427E-05   0.13273929E-05   0.00000000E+00
         251   0.71549971E-07   0.13989446E-05   0.13273946E-05   0.00000000E+00
         252   0.71549896E-07   0.13989431E-05   0.13273932E-05   0.00000000E+00
         253   0.71549925E-07   0.13989437E-05   0.13273938E-05   0.00000000E+00
         254   0.71549952E-07   0.13989442E-05   0.13273943E-05   0.00000000E+00
         255   0.71549878E-07   0.13989428E-05   0.13273929E-05   0.00000000E+00
         256   0.71549974E-07   0.13989446E-05   0.13273947E-05   0.00000000E+00
         257   0.71549889E-07   0.13989430E-05   0.13273931E-05   0.00000000E+00
         258   0.71549935E-07   0.13989439E-05   0.13273939E-05   0.00000000E+00
         259   0.71549943E-07   0.13989441E-05   0.13273941E-05   0.00000000E+00
         260   0.71549883E-07   0.13989429E-05   0.13273930E-05   0.00000000E+00
         261   0.71549975E-07   0.13989447E-05   0.13273947E-05   0.00000000E+00
         262   0.71549883E-07   0.13989429E-05   0.13273930E-05   0.00000000E+00
         263   0.71549944E-07   0.13989441E-05   0.13273941E-05   0.00000000E+00
         264   0.71549934E-07   0.13989439E-05   0.13273939E-05   0.00000000E+00
         265   0.71549889E-07   0.13989430E-05   0.13273931E-05   0.00000000E+00
         266   0.71549974E-07   0.13989446E-05   0.13273947E-05   0.00000000E+00
         267   0.71549878E-07   0.13989428E-05   0.13273929E-05   0.00000000E+00
         268   0.71549953E-07   0.13989442E-05   0.13273943E-05   0.00000000E+00
         269   0.71549924E-07   0.13989437E-05   0.13273938E-05   0.00000000E+00
         270   0.71549897E-07   0.13989431E-05   0.13273932E-05   0.00000000E+00
         271   0.71549971E-07   0.13989446E-05   0.13273946E-05   0.00000000E+00
         272   0.71549875E-07   0.13989427E-05   0.13273928E-05   0.00000000E+00
         273   0.71549960E-07   0.13989444E-05   0.13273944E-05   0.00000000E+00
         274   0.71549914E-07   0.13989435E-05   0.13273936E-05   0.00000000E+00
         275   0.71549906E-07   0.13989433E-05   0.13273934E-05   0.00000000E+00
         276   0.71549966E-07   0.13989445E-05   0.13273945E-05   0.00000000E+00
         277   0.71549874E-07   0.13989427E-05   0.13273928E-05   0.00000000E+00
         278   0.71549966E-07   0.13989445E-05   0.13273945E-05   0.00000000E+00
         279   0.71549905E-07   0.13989433E-05   0.13273934E-05   0.00000000E+00
         280   0.71549915E-07   0.13989435E-05   0.13273936E-05   0.00000000E+00
         281   0.71549960E-07   0.13989444E-05   0.13273944E-05   0.00000000E+00
         282   0.71549875E-07   0.13989427E-05   0.13273928E-05   0.00000000E+00
         283   0.71549971E-07   0.13989446E-05   0.13273946E-05   0.00000000E+00
         284   0.71549897E-07   0.13989431E-05   0.13273932E-05   0.00000000E+00
         285   0.71549925E-07   0.13989437E-05   0.13273938E-05   0.00000000E+00
         286   0.71549952E-07   0.13989442E-05   0.13273943E-05   0.00000000E+00
         287   0.71549878E-07   0.13989428E-05   0.13273929E-05   0.00000000E+00
         288   0.71549974E-07   0.13989446E-05   0.13273947E-05   0.00000000E+00
         289   0.71549889E-07   0.13989430E-05   0.13273931E-05   0.00000000E+00
         290   0.71549935E-07   0.13989439E-05   0.13273939E-05   0.00000000E+00
         291   0.71549944E-07   0.13989441E-05   0.13273941E-05   0.00000000E+00
         292   0.71549883E-07   0.13989429E-05   0.13273930E-05   0.00000000E+00
         293   0.71549975E-07   0.13989447E-05   0.13273947E-05   0.00000000E+00
         294   0.71549883E-07   0.13989429E-05   0.13273930E-05   0.00000000E+00
         295   0.71549944E-07   0.13989441E-05   0.13273941E-05   0.00000000E+00
         296   0.71549934E-07   0.13989439E-05   0.13273939E-05   0.00000000E+00
         297   0.71549889E-07   0.13989430E-05   0.13273931E-05   0.00000000E+00
         298   0.71549974E-07   0.13989446E-05   0.13273947E-05   0.00000000E+00
         299   0.71549878E-07   0.13989428E-05   0.13273929E-05   0.00000000E+00
         300   0.71549953E-07   0.13989442E-05   0.13273943E-05   0.00000000E+00
         301   0.71549924E-07   0.13989437E-05   0.13273938E-05   0.00000000E+00
         302   0.71549897E-07   0.13989431E-05   0.13273932E-05   0.00000000E+00
         303   0.71549971E-07   0.13989446E-05   0.13273946E-05   0.00000000E+00
         304   0.71549875E-07   0.13989427E-05   0.13273928E-05   0.00000000E+00
         305   0.71549960E-07   0.13989444E-05   0.13273944E-05   0.00000000E+00
         306   0.71549915E-07   0.13989435E-05   0.13273936E-05   0.00000000E+00
         307   0.71549906E-07   0.13989433E-05   0.13273934E-05   0.00000000E+00
         308   0.71549966E-07   0.13989445E-05   0.13273945E-05   0.00000000E+00
         309   0.71549874E-07   0.13989427E-05   0.13273928E-05   0.00000000E+00
         310   0.71549966E-07   0.13989445E-05   0.13273945E-05   0.00000000E+00
         311   0.71549905E-07   0.13989433E-05   0.13273934E-05   0.00000000E+00
         312   0.71549915E-07   0.13989435E-05   0.13273936E-05   0.00000000E+00
         313   0.71549960E-07   0.13989444E-05   0.13273944E-05   0.00000000E+00
         314   0.71549875E-07   0.13989427E-05   0.13273928E-05   0.00000000E+00
         315   0.71549971E-07   0.13989446E-05   0.13273946E-05   0.00000000E+00
         316   0.71549897E-07   0.13989431E-05   0.13273932E-05   0.00000000E+00
         317   0.71549925E-07   0.13989437E-05   0.13273938E-05   0.00000000E+00
         318   0.71549952E-07   0.13989442E-05   0.13273943E-05   0.00000000E+00
         319   0.71549878E-07   0.13989428E-05   0.13273929E-05   0.00000000E+00
         320   0.71549974E-07   0.13989446E-05   0.13273947E-05   0.00000000E+00
         321   0.71549889E-07   0.13989430E-05   0.13273931E-05   0.00000000E+00
         322   0.71549934E-07   0.13989439E-05   0.13273939E-05   0.00000000E+00
         323   0.71549944E-07   0.13989441E-05   0.13273941E-05   0.00000000E+00
         324   0.71549883E-07   0.13989429E-05   0.13273930E-05   0.00000000E+00
         325   0.71549975E-07   0.13989447E-05   0.13273947E-05   0.00000000E+00
         326   0.71549883E-07   0.13989429E-05   0.13273930E-05   0.00000000E+00
         327   0.71549944E-07   0.13989441E-05   0.13273941E-05   0.00000000E+00
         328   0.71549934E-07   0.13989439E-05   0.13273939E-05   0.00000000E+00
         329   0.71549889E-07   0.13989430E-05   0.13273931E-05   0.00000000E+00
         330   0.71549974E-07   0.13989446E-05   0.13273947E-05   0.00000000E+00
         331   0.71549878E-07   0.13989428E-05   0.13273929E-05   0.00000000E+00
         332   0.71549952E-07   0.13989442E-05   0.13273943E-05   0.00000000E+00
         333   0.71549925E-07   0.13989437E-05   0.13273938E-05   0.00000000E+00
         334   0.71549897E-07   0.13989431E-05   0.13273932E-05   0.00000000E+00
         335   0.71549971E-07   0.13989446E-05   0.13273946E-05   0.00000000E+00
         336   0.71549875E-07   0.13989427E-05   0.13273928E-05   0.00000000E+00
         337   0.71549960E-07   0.13989444E-05   0.13273944E-05   0.00000000E+00
         338   0.71549915E-07   0.13989435E-05   0.13273936E-05   0.00000000E+00
         339   0.71549905E-07   0.13989433E-05   0.13273934E-05   0.00000000E+00
         340   0.71549966E-07   0.13989445E-05   0.13273945E-05   0.00000000E+00
         341   0.71549874E-07   0.13989427E-05   0.13273928E-05   0.00000000E+00
         342   0.71549966E-07   0.13989445E-05   0.13273945E-05   0.00000000E+00
         343   0.71549905E-07   0.13989433E-05   0.13273934E-05   0.00000000E+00
         344   0.71549915E-07   0.13989435E-05   0.13273936E-05   0.00000000E+00
         345   0.71549960E-07   0.13989444E-05   0.13273944E-05   0.00000000E+00
         346   0.71549875E-07   0.13989427E-05   0.13273928E-05   0.00000000E+00
         347   0.71549971E-07   0.13989446E-05   0.13273946E-05   0.00000000E+00
         348   0.71549897E-07   0.13989431E-05   0.13273932E-05   0.00000000E+00
         349   0.71549924E-07   0.13989437E-05   0.13273938E-05   0.00000000E+00
         350   0.71549952E-07   0.13989442E-05   0.13273943E-05   0.00000000E+00
         351   0.71549878E-07   0.13989428E-05   0.13273929E-05   0.00000000E+00
         352   0.71549974E-07   0.13989446E-05   0.13273947E-05   0.00000000E+00
         353   0.71549889E-07   0.13989430E-05   0.13273931E-05   0.00000000E+00
         354   0.71549934E-07   0.13989439E-05   0.13273939E-05   0.00000000E+00
         355   0.71549944E-07   0.13989441E-05   0.13273941E-05   0.00000000E+00
         356   0.71549883E-07   0.13989429E-05   0.13273930E-05   0.00000000E+00
         357   0.71549975E-07   0.13989447E-05   0.13273947E-05   0.00000000E+00
         358   0.71549883E-07   0.13989429E-05   0.13273930E-05   0.00000000E+00
         359   0.71549944E-07   0.13989441E-05   0.13273941E-05   0.00000000E+00
         360   0.71549934E-07   0.13989439E-05   0.13273939E-05   0.00000000E+00
         361   0.71549889E-07   0.13989430E-05   0.13273931E-05   0.00000000E+00
         362   0.71549974E-07   0.13989446E-05   0.13273947E-05   0.00000000E+00
         363   0.71549878E-07   0.13989428E-05   0.13273929E-05   0.00000000E+00
         364   0.71549952E-07   0.13989442E-05   0.13273943E-05   0.00000000E+00
         365   0.71549925E-07   0.13989437E-05   0.13273938E-05   0.00000000E+00
         366   0.71549897E-07   0.13989431E-05   0.13273932E-05   0.00000000E+00
         367   0.71549971E-07   0.13989446E-05   0.13273946E-05   0.00000000E+00
         368   0.71549875E-07   0.13989427E-05   0.13273928E-05   0.00000000E+00
         369   0.71549960E-07   0.13989444E-05   0.13273944E-05   0.00000000E+00
         370   0.71549915E-07   0.13989435E-05   0.13273936E-05   0.00000000E+00
         371   0.71549905E-07   0.13989433E-05   0.13273934E-05   0.00000000E+00
         372   0.71549966E-07   0.13989445E-05   0.13273945E-05   0.00000000E+00
         373   0.71549874E-07   0.13989427E-05   0.13273928E-05   0.00000000E+00
         374   0.71549966E-07   0.13989445E-05   0.13273945E-05   0.00000000E+00
         375   0.71549906E-07   0.13989433E-05   0.13273934E-05   0.00000000E+00
         376   0.71549915E-07   0.13989435E-05   0.13273936E-05   0.00000000E+00
         377   0.71549960E-07   0.13989444E-05   0.13273944E-05   0.00000000E+00
         378   0.71549875E-07   0.13989427E-05   0.13273928E-05   0.00000000E+00
         379   0.71549971E-07   0.13989446E-05   0.13273946E-05   0.00000000E+00
         380   0.71549897E-07   0.13989431E-05   0.13273932E-05   0.00000000E+00
         381   0.71549924E-07   0.13989437E-05   0.13273938E-05   0.00000000E+00
         382   0.71549953E-07   0.13989442E-05   0.13273943E-05   0.00000000E+00
         383   0.71549878E-07   0.13989428E-05   0.13273929E-05   0.00000000E+00
         384   0.71549974E-07   0.13989446E-05   0.13273947E-05   0.00000000E+00
         385   0.71549889E-07   0.13989430E-05   0.13273931E-05   0.00000000E+00
         386   0.71549934E-07   0.13989439E-05   0.13273939E-05   0.00000000E+00
         387   0.71549944E-07   0.13989441E-05   0.13273941E-05   0.00000000E+00
         388   0.71549883E-07   0.13989429E-05   0.13273930E-05   0.00000000E+00
         389   0.71549975E-07   0.13989447E-05   0.13273947E-05   0.00000000E+00
         390   0.71549883E-07   0.13989429E-05   0.13273930E-05   0.00000000E+00
         391   0.71549943E-07   0.13989441E-05   0.13273941E-05   0.00000000E+00
         392   0.71549935E-07   0.13989439E-05   0.13273939E-05   0.00000000E+00
         393   0.71549889E-07   0.13989430E-05   0.13273931E-05   0.00000000E+00
         394   0.71549974E-07   0.13989446E-05   0.13273947E-05   0.00000000E+00
         395   0.71549878E-07   0.13989428E-05   0.13273929E-05   0.00000000E+00
         396   0.71549952E-07   0.13989442E-05   0.13273943E-05   0.00000000E+00
         397   0.71549925E-07   0.13989437E-05   0.13273938E-05   0.00000000E+00
         398   0.71549896E-07   0.13989431E-05   0.13273932E-05   0.00000000E+00
         399   0.71549971E-07   0.13989446E-05   0.13273946E-05   0.00000000E+00
         400   0.71549875E-07   0.13989427E-05   0.13273928E-05   0.00000000E+00
         401   0.71549960E-07   0.13989444E-05   0.13273944E-05   0.00000000E+00
         402   0.71549915E-07   0.13989435E-05   0.13273936E-05   0.00000000E+00
         403   0.71549905E-07   0.13989433E-05   0.13273934E-05   0.00000000E+00
         404   0.71549966E-07   0.13989445E-05   0.13273945E-05   0.00000000E+00
         405   0.71549874E-07   0.13989427E-05   0.13273928E-05   0.00000000E+00
         406   0.71549966E-07   0.13989445E-05   0.13273945E-05   0.00000000E+00
         407   0.71549906E-07   0.13989433E-05   0.13273934E-05   0.00000000E+00
         408   0.71549914E-07   0.13989435E-05   0.13273936E-05   0.00000000E+00
         409   0.71549960E-07   0.13989444E-05   0.13273944E-05   0.00000000E+00
         410   0.71549875E-07   0.13989427E-05   0.13273928E-05   0.00000000E+00
         411   0.71549971E-07   0.13989446E-05   0.13273946E-05   0.00000000E+00
         412   0.71549897E-07   0.13989431E-05   0.13273932E-05   0.00000000E+00
         413   0.71549924E-07   0.13989437E-05   0.13273938E-05   0.00000000E+00
         414   0.71549953E-07   0.13989442E-05   0.13273943E-05   0.00000000E+00
         415   0.71549878E-07   0.13989428E-05   0.13273929E-05   0.00000000E+00
         416   0.71549974E-07   0.13989446E-05   0.13273947E-05   0.00000000E+00
         417   0.71549889E-07   0.13989430E-05   0.13273931E-05   0.00000000E+00
         418   0.71549934E-07   0.13989439E-05   0.13273939E-05   0.00000000E+00
         419   0.71549944E-07   0.13989441E-05   0.13273941E-05   0.00000000E+00
         420   0.71549883E-07   0.13989429E-05   0.13273930E-05   0.00000000E+00
         421   0.71549975E-07   0.13989447E-05   0.13273947E-05   0.00000000E+00
         422   0.71549883E-07   0.13989429E-05   0.13273930E-05   0.00000000E+00
         423   0.71549943E-07   0.13989441E-05   0.13273941E-05   0.00000000E+00
         424   0.71549935E-07   0.13989439E-05   0.13273939E-05   0.00000000E+00
         425   0.71549889E-07   0.13989430E-05   0.13273931E-05   0.00000000E+00
         426   0.71549974E-07   0.13989446E-05   0.13273947E-05   0.00000000E+00
         427   0.71549878E-07   0.13989428E-05   0.13273929E-05   0.00000000E+00
         428   0.71549952E-07   0.13989442E-05   0.13273943E-05   0.00000000E+00
         429   0.71549925E-07   0.13989437E-05   0.13273938E-05   0.00000000E+00
         430   0.71549896E-07   0.13989431E-05   0.13273932E-05   0.00000000E+00
         431   0.71549971E-07   0.13989446E-05   0.13273946E-05   0.00000000E+00
         432   0.71549876E-07   0.13989427E-05   0.13273929E-05   0.00000000E+00
         433   0.71549960E-07   0.13989444E-05   0.13273944E-05   0.00000000E+00
         434   0.71549915E-07   0.13989435E-05   0.13273936E-05   0.00000000E+00
         435   0.71549905E-07   0.13989433E-05   0.13273934E-05   0.00000000E+00
         436   0.71549966E-07   0.13989445E-05   0.13273945E-05   0.00000000E+00
         437   0.71549874E-07   0.13989427E-05   0.13273928E-05   0.00000000E+00
         438   0.71549966E-07   0.13989445E-05   0.13273945E-05   0.00000000E+00
         439   0.71549906E-07   0.13989433E-05   0.13273934E-05   0.00000000E+00
         440   0.71549914E-07   0.13989435E-05   0.13273936E-05   0.00000000E+00
         441   0.71549960E-07   0.13989444E-05   0.13273944E-05   0.00000000E+00
         442   0.71549875E-07   0.13989427E-05   0.13273928E-05   0.00000000E+00
         443   0.71549971E-07   0.13989446E-05   0.13273946E-05   0.00000000E+00
         444   0.71549897E-07   0.13989431E-05   0.13273933E-05   0.00000000E+00
         445   0.71549924E-07   0.13989437E-05   0.13273937E-05   0.00000000E+00
         446   0.71549953E-07   0.13989442E-05   0.13273943E-05   0.00000000E+00
         447   0.71549878E-07   0.13989428E-05   0.13273929E-05   0.00000000E+00
         448   0.71549974E-07   0.13989446E-05   0.13273947E-05   0.00000000E+00
         449   0.71549890E-07   0.13989430E-05   0.13273931E-05   0.00000000E+00
         450   0.71549934E-07   0.13989439E-05   0.13273939E-05   0.00000000E+00
         451   0.71549944E-07   0.13989441E-05   0.13273941E-05   0.00000000E+00
         452   0.71549883E-07   0.13989429E-05   0.13273930E-05   0.00000000E+00
         453   0.71549975E-07   0.13989447E-05   0.13273947E-05   0.00000000E+00
         454   0.71549883E-07   0.13989429E-05   0.13273930E-05   0.00000000E+00
         455   0.71549943E-07   0.13989440E-05   0.13273941E-05   0.00000000E+00
         456   0.71549935E-07   0.13989439E-05   0.13273940E-05   0.00000000E+00
         457   0.71549889E-07   0.13989430E-05   0.13273931E-05   0.00000000E+00
         458   0.71549974E-07   0.13989446E-05   0.13273947E-05   0.00000000E+00
         459   0.71549879E-07   0.13989428E-05   0.13273929E-05   0.00000000E+00
         460   0.71549952E-07   0.13989442E-05   0.13273943E-05   0.00000000E+00
         461   0.71549925E-07   0.13989437E-05   0.13273938E-05   0.00000000E+00
         462   0.71549896E-07   0.13989431E-05   0.13273932E-05   0.00000000E+00
         463   0.71549971E-07   0.13989446E-05   0.13273946E-05   0.00000000E+00
         464   0.71549876E-07   0.13989427E-05   0.13273929E-05   0.00000000E+00
         465   0.71549960E-07   0.13989444E-05   0.13273944E-05   0.00000000E+00
         466   0.71549915E-07   0.13989435E-05   0.13273936E-05   0.00000000E+00
         467   0.71549905E-07   0.13989433E-05   0.13273934E-05   0.00000000E+00
         468   0.71549967E-07   0.13989445E-05   0.13273945E-05   0.00000000E+00
         469   0.71549874E-07   0.13989427E-05   0.13273928E-05   0.00000000E+00
         470   0.71549966E-07   0.13989445E-05   0.13273945E-05   0.00000000E+00
         471   0.71549906E-07   0.13989433E-05   0.13273934E-05   0.00000000E+00
         472   0.71549914E-07   0.13989435E-05   0.13273936E-05   0.00000000E+00
         473   0.71549960E-07   0.13989444E-05   0.13273944E-05   0.00000000E+00
         474   0.71549875E-07   0.13989427E-05   0.13273928E-05   0.00000000E+00
         475   0.71549971E-07   0.13989446E-05   0.13273946E-05   0.00000000E+00
         476   0.71549897E-07   0.13989432E-05   0.13273933E-05   0.00000000E+00
         477   0.71549924E-07   0.13989437E-05   0.13273937E-05   0.00000000E+00
         478   0.71549953E-07   0.13989442E-05   0.13273943E-05   0.00000000E+00
         479   0.71549878E-07   0.13989428E-05   0.13273929E-05   0.00000000E+00
         480   0.71549974E-07   0.13989446E-05   0.13273947E-05   0.00000000E+00
         481   0.71549890E-07   0.13989430E-05   0.13273931E-05   0.00000000E+00
         482   0.71549934E-07   0.13989439E-05   0.13273939E-05   0.00000000E+00
         483   0.71549944E-07   0.13989441E-05   0.13273941E-05   0.00000000E+00
         484   0.71549883E-07   0.13989429E-05   0.13273930E-05   0.00000000E+00
         485   0.71549975E-07   0.13989447E-05   0.13273947E-05   0.00000000E+00
         486   0.71549883E-07   0.13989429E-05   0.13273930E-05   0.00000000E+00
         487   0.71549943E-07   0.13989440E-05   0.13273941E-05   0.00000000E+00
         488   0.71549935E-07   0.13989439E-05   0.13273940E-05   0.00000000E+00
         489   0.71549889E-07   0.13989430E-05   0.13273931E-05   0.00000000E+00
         490   0.71549974E-07   0.13989446E-05   0.13273947E-05   0.00000000E+00
         491   0.71549879E-07   0.13989428E-05   0.13273929E-05   0.00000000E+00
         492   0.71549952E-07   0.13989442E-05   0.13273943E-05   0.00000000E+00
         493   0.71549925E-07   0.13989437E-05   0.13273938E-05   0.00000000E+00
         494   0.71549896E-07   0.13989431E-05   0.13273932E-05   0.00000000E+00
         495   0.71549971E-07   0.13989446E-05   0.13273946E-05   0.00000000E+00
         496   0.71549876E-07   0.13989427E-05   0.13273929E-05   0.00000000E+00
         497   0.71549959E-07   0.13989444E-05   0.13273944E-05   0.00000000E+00
         498   0.71549916E-07   0.13989435E-05   0.13273936E-05   0.00000000E+00
         499   0.71549905E-07   0.13989433E-05   0.13273934E-05   0.00000000E+00
         500   0.71549967E-07   0.13989445E-05   0.13273945E-05   0.00000000E+00
         501   0.71549874E-07   0.13989427E-05   0.13273928E-05   0.00000000E+00
         502   0.71549966E-07   0.13989445E-05   0.13273945E-05   0.00000000E+00
         503   0.71549906E-07   0.13989433E-05   0.13273934E-05   0.00000000E+00
         504   0.71549914E-07   0.13989435E-05   0.13273936E-05   0.00000000E+00
         505   0.71549961E-07   0.13989444E-05   0.13273944E-05   0.00000000E+00
         506   0.71549875E-07   0.13989427E-05   0.13273928E-05   0.00000000E+00
         507   0.71549970E-07   0.13989446E-05   0.13273946E-05   0.00000000E+00
         508   0.71549897E-07   0.13989432E-05   0.13273933E-05   0.00000000E+00
         509   0.71549924E-07   0.13989437E-05   0.13273937E-05   0.00000000E+00
         510   0.71549953E-07   0.13989442E-05   0.13273943E-05   0.00000000E+00
         511   0.71549878E-07   0.13989428E-05   0.13273929E-05   0.00000000E+00
         512   0.71549973E-07   0.13989446E-05   0.13273947E-05   0.00000000E+00
         513   0.71549890E-07   0.13989430E-05   0.13273931E-05   0.00000000E+00
         514   0.71549933E-07   0.13989439E-05   0.13273939E-05   0.00000000E+00
         515   0.71549945E-07   0.13989441E-05   0.13273941E-05   0.00000000E+00
         516   0.71549882E-07   0.13989429E-05   0.13273930E-05   0.00000000E+00
         517   0.71549975E-07   0.13989447E-05   0.13273947E-05   0.00000000E+00
         518   0.71549883E-07   0.13989429E-05   0.13273930E-05   0.00000000E+00
         519   0.71549943E-07   0.13989440E-05   0.13273941E-05   0.00000000E+00
         520   0.71549935E-07   0.13989439E-05   0.13273940E-05   0.00000000E+00
         521   0.71549888E-07   0.13989430E-05   0.13273931E-05   0.00000000E+00
         522   0.71549974E-07   0.13989446E-05   0.13273947E-05   0.00000000E+00
         523   0.71549879E-07   0.13989428E-05   0.13273929E-05   0.00000000E+00
         524   0.71549952E-07   0.13989442E-05   0.13273943E-05   0.00000000E+00
         525   0.71549925E-07   0.13989437E-05   0.13273938E-05   0.00000000E+00
         526   0.71549896E-07   0.13989431E-05   0.13273932E-05   0.00000000E+00
         527   0.71549971E-07   0.13989446E-05   0.13273946E-05   0.00000000E+00
         528   0.71549876E-07   0.13989427E-05   0.13273929E-05   0.00000000E+00
         529   0.71549959E-07   0.13989444E-05   0.13273944E-05   0.00000000E+00
         530   0.71549916E-07   0.13989435E-05   0.13273936E-05   0.00000000E+00
         531   0.71549904E-07   0.13989433E-05   0.13273934E-05   0.00000000E+00
         532   0.71549967E-07   0.13989445E-05   0.13273945E-05   0.00000000E+00
         533   0.71549874E-07   0.13989427E-05   0.13273928E-05   0.00000000E+00
         534   0.71549966E-07   0.13989445E-05   0.13273945E-05   0.00000000E+00
         535   0.71549906E-07   0.13989433E-05   0.13273934E-05   0.00000000E+00
         536   0.71549914E-07   0.13989435E-05   0.13273936E-05   0.00000000E+00
         537   0.71549961E-07   0.13989444E-05   0.13273944E-05   0.00000000E+00
         538   0.71549875E-07   0.13989427E-05   0.13273928E-05   0.00000000E+00
         539   0.71549970E-07   0.13989446E-05   0.13273946E-05   0.00000000E+00
         540   0.71549898E-07   0.13989432E-05   0.13273933E-05   0.00000000E+00
         541   0.71549924E-07   0.13989437E-05   0.13273937E-05   0.00000000E+00
         542   0.71549953E-07   0.13989442E-05   0.13273943E-05   0.00000000E+00
         543   0.71549878E-07   0.13989428E-05   0.13273929E-05   0.00000000E+00
         544   0.71549973E-07   0.13989446E-05   0.13273947E-05   0.00000000E+00
         545   0.71549890E-07   0.13989430E-05   0.13273931E-05   0.00000000E+00
         546   0.71549933E-07   0.13989439E-05   0.13273939E-05   0.00000000E+00
         547   0.71549945E-07   0.13989441E-05   0.13273941E-05   0.00000000E+00
         548   0.71549882E-07   0.13989429E-05   0.13273930E-05   0.00000000E+00
         549   0.71549975E-07   0.13989447E-05   0.13273947E-05   0.00000000E+00
         550   0.71549883E-07   0.13989429E-05   0.13273930E-05   0.00000000E+00
         551   0.71549943E-07   0.13989440E-05   0.13273941E-05   0.00000000E+00
         552   0.71549935E-07   0.13989439E-05   0.13273940E-05   0.00000000E+00
         553   0.71549888E-07   0.13989430E-05   0.13273931E-05   0.00000000E+00
         554   0.71549974E-07   0.13989446E-05   0.13273947E-05   0.00000000E+00
         555   0.71549879E-07   0.13989428E-05   0.13273929E-05   0.00000000E+00
         556   0.71549951E-07   0.13989442E-05   0.13273943E-05   0.00000000E+00
         557   0.71549926E-07   0.13989437E-05   0.13273938E-05   0.00000000E+00
         558   0.71549896E-07   0.13989431E-05   0.13273932E-05   0.00000000E+00
         559   0.71549971E-07   0.13989446E-05   0.13273946E-05   0.00000000E+00
         560   0.71549876E-07   0.13989427E-05   0.13273929E-05   0.00000000E+00
         561   0.71549959E-07   0.13989444E-05   0.13273944E-05   0.00000000E+00
         562   0.71549916E-07   0.13989435E-05   0.13273936E-05   0.00000000E+00
         563   0.71549904E-07   0.13989433E-05   0.13273934E-05   0.00000000E+00
         564   0.71549967E-07   0.13989445E-05   0.13273945E-05   0.00000000E+00
         565   0.71549874E-07   0.13989427E-05   0.13273928E-05   0.00000000E+00
         566   0.71549966E-07   0.13989445E-05   0.13273945E-05   0.00000000E+00
         567   0.71549906E-07   0.13989433E-05   0.13273934E-05   0.00000000E+00
         568   0.71549914E-07   0.13989435E-05   0.13273936E-05   0.00000000E+00
         569   0.71549961E-07   0.13989444E-05   0.13273944E-05   0.00000000E+00
         570   0.71549875E-07   0.13989427E-05   0.13273928E-05   0.00000000E+00
         571   0.71549970E-07   0.13989446E-05   0.13273946E-05   0.00000000E+00
         572   0.71549898E-07   0.13989432E-05   0.13273933E-05   0.00000000E+00
         573   0.71549923E-07   0.13989437E-05   0.13273937E-05   0.00000000E+00
         574   0.71549953E-07   0.13989442E-05   0.13273943E-05   0.00000000E+00
         575   0.71549878E-07   0.13989428E-05   0.13273929E-05   0.00000000E+00
         576   0.71549973E-07   0.13989446E-05   0.13273947E-05   0.00000000E+00
         577   0.71549890E-07   0.13989430E-05   0.13273931E-05   0.00000000E+00
         578   0.71549933E-07   0.13989439E-05   0.13273939E-05   0.00000000E+00
         579   0.71549945E-07   0.13989441E-05   0.13273941E-05   0.00000000E+00
         580   0.71549882E-07   0.13989429E-05   0.13273930E-05   0.00000000E+00
         581   0.71549975E-07   0.13989447E-05   0.13273947E-05   0.00000000E+00
         582   0.71549884E-07   0.13989429E-05   0.13273930E-05   0.00000000E+00
         583   0.71549943E-07   0.13989440E-05   0.13273941E-05   0.00000000E+00
         584   0.71549935E-07   0.13989439E-05   0.13273940E-05   0.00000000E+00
         585   0.71549888E-07   0.13989430E-05   0.13273931E-05   0.00000000E+00
         586   0.71549974E-07   0.13989446E-05   0.13273947E-05   0.00000000E+00
         587   0.71549879E-07   0.13989428E-05   0.13273929E-05   0.00000000E+00
         588   0.71549951E-07   0.13989442E-05   0.13273943E-05   0.00000000E+00
         589   0.71549926E-07   0.13989437E-05   0.13273938E-05   0.00000000E+00
         590   0.71549896E-07   0.13989431E-05   0.13273932E-05   0.00000000E+00
         591   0.71549971E-07   0.13989446E-05   0.13273946E-05   0.00000000E+00
         592   0.71549876E-07   0.13989427E-05   0.13273929E-05   0.00000000E+00
         593   0.71549959E-07   0.13989444E-05   0.13273944E-05   0.00000000E+00
         594   0.71549916E-07   0.13989435E-05   0.13273936E-05   0.00000000E+00
         595   0.71549904E-07   0.13989433E-05   0.13273934E-05   0.00000000E+00
         596   0.71549967E-07   0.13989445E-05   0.13273945E-05   0.00000000E+00
         597   0.71549874E-07   0.13989427E-05   0.13273928E-05   0.00000000E+00
         598   0.71549965E-07   0.13989445E-05   0.13273945E-05   0.00000000E+00
         599   0.71549907E-07   0.13989433E-05   0.13273934E-05   0.00000000E+00
         600   0.71549914E-07   0.13989435E-05   0.13273936E-05   0.00000000E+00
         601   0.71549961E-07   0.13989444E-05   0.13273944E-05   0.00000000E+00
         602   0.71549875E-07   0.13989427E-05   0.13273928E-05   0.00000000E+00
         603   0.71549970E-07   0.13989446E-05   0.13273946E-05   0.00000000E+00
         604   0.71549898E-07   0.13989432E-05   0.13273933E-05   0.00000000E+00
         605   0.71549923E-07   0.13989437E-05   0.13273937E-05   0.00000000E+00
         606   0.71549953E-07   0.13989442E-05   0.13273943E-05   0.00000000E+00
         607   0.71549878E-07   0.13989428E-05   0.13273929E-05   0.00000000E+00
         608   0.71549973E-07   0.13989446E-05   0.13273947E-05   0.00000000E+00
         609   0.71549890E-07   0.13989430E-05   0.13273931E-05   0.00000000E+00
         610   0.71549933E-07   0.13989438E-05   0.13273939E-05   0.00000000E+00
         611   0.71549945E-07   0.13989441E-05   0.13273941E-05   0.00000000E+00
         612   0.71549882E-07   0.13989429E-05   0.13273930E-05   0.00000000E+00
         613   0.71549975E-07   0.13989447E-05   0.13273947E-05   0.00000000E+00
         614   0.71549884E-07   0.13989429E-05   0.13273930E-05   0.00000000E+00
         615   0.71549942E-07   0.13989440E-05   0.13273941E-05   0.00000000E+00
         616   0.71549936E-07   0.13989439E-05   0.13273940E-05   0.00000000E+00
         617   0.71549888E-07   0.13989430E-05   0.13273931E-05   0.00000000E+00
         618   0.71549974E-07   0.13989446E-05   0.13273947E-05   0.00000000E+00
         619   0.71549879E-07   0.13989428E-05   0.13273929E-05   0.00000000E+00
         620   0.71549951E-07   0.13989442E-05   0.13273943E-05   0.00000000E+00
         621   0.71549926E-07   0.13989437E-05   0.13273938E-05   0.00000000E+00
         622   0.71549896E-07   0.13989431E-05   0.13273932E-05   0.00000000E+00
         623   0.71549971E-07   0.13989446E-05   0.13273946E-05   0.00000000E+00
         624   0.71549876E-07   0.13989427E-05   0.13273929E-05   0.00000000E+00
         625   0.71549959E-07   0.13989444E-05   0.13273944E-05   0.00000000E+00
         626   0.71549916E-07   0.13989435E-05   0.13273936E-05   0.00000000E+00
         627   0.71549904E-07   0.13989433E-05   0.13273934E-05   0.00000000E+00
         628   0.71549967E-07   0.13989445E-05   0.13273945E-05   0.00000000E+00
         629   0.71549874E-07   0.13989427E-05   0.13273928E-05   0.00000000E+00
         630   0.71549965E-07   0.13989445E-05   0.13273945E-05   0.00000000E+00
         631   0.71549907E-07   0.13989433E-05   0.13273934E-05   0.00000000E+00
         632   0.71549913E-07   0.13989435E-05   0.13273936E-05   0.00000000E+00
         633   0.71549961E-07   0.13989444E-05   0.13273944E-05   0.00000000E+00
         634   0.71549875E-07   0.13989427E-05   0.13273928E-05   0.00000000E+00
         635   0.71549970E-07   0.13989446E-05   0.13273946E-05   0.00000000E+00
         636   0.71549898E-07   0.13989432E-05   0.13273933E-05   0.00000000E+00
         637   0.71549923E-07   0.13989437E-05   0.13273937E-05   0.00000000E+00
         638   0.71549954E-07   0.13989443E-05   0.13273943E-05   0.00000000E+00
         639   0.71549878E-07   0.13989428E-05   0.13273929E-05   0.00000000E+00
         640   0.71549973E-07   0.13989446E-05   0.13273947E-05   0.00000000E+00
         641   0.71549890E-07   0.13989430E-05   0.13273931E-05   0.00000000E+00
         642   0.71549933E-07   0.13989438E-05   0.13273939E-05   0.00000000E+00
         643   0.71549945E-07   0.13989441E-05   0.13273941E-05   0.00000000E+00
         644   0.71549882E-07   0.13989429E-05   0.13273930E-05   0.00000000E+00
         645   0.71549975E-07   0.13989447E-05   0.13273947E-05   0.00000000E+00
         646   0.71549884E-07   0.13989429E-05   0.13273930E-05   0.00000000E+00
         647   0.71549942E-07   0.13989440E-05   0.13273941E-05   0.00000000E+00
         648   0.71549936E-07   0.13989439E-05   0.13273940E-05   0.00000000E+00
         649   0.71549888E-07   0.13989430E-05   0.13273931E-05   0.00000000E+00
         650   0.71549974E-07   0.13989447E-05   0.13273947E-05   0.00000000E+00
         651   0.71549879E-07   0.13989428E-05   0.13273929E-05   0.00000000E+00
         652   0.71549951E-07   0.13989442E-05   0.13273943E-05   0.00000000E+00
         653   0.71549926E-07   0.13989437E-05   0.13273938E-05   0.00000000E+00
         654   0.71549895E-07   0.13989431E-05   0.13273932E-05   0.00000000E+00
         655   0.71549971E-07   0.13989446E-05   0.13273946E-05   0.00000000E+00
         656   0.71549876E-07   0.13989427E-05   0.13273929E-05   0.00000000E+00
         657   0.71549959E-07   0.13989444E-05   0.13273944E-05   0.00000000E+00
         658   0.71549916E-07   0.13989435E-05   0.13273936E-05   0.00000000E+00
         659   0.71549904E-07   0.13989433E-05   0.13273934E-05   0.00000000E+00
         660   0.71549967E-07   0.13989445E-05   0.13273945E-05   0.00000000E+00
         661   0.71549874E-07   0.13989427E-05   0.13273928E-05   0.00000000E+00
         662   0.71549965E-07   0.13989445E-05   0.13273945E-05   0.00000000E+00
         663   0.71549907E-07   0.13989433E-05   0.13273934E-05   0.00000000E+00
         664   0.71549913E-07   0.13989435E-05   0.13273935E-05   0.00000000E+00
         665   0.71549961E-07   0.13989444E-05   0.13273944E-05   0.00000000E+00
         666   0.71549875E-07   0.13989427E-05   0.13273928E-05   0.00000000E+00
         667   0.71549970E-07   0.13989446E-05   0.13273946E-05   0.00000000E+00
         668   0.71549898E-07   0.13989432E-05   0.13273933E-05   0.00000000E+00
         669   0.71549923E-07   0.13989437E-05   0.13273937E-05   0.00000000E+00
         670   0.71549954E-07   0.13989443E-05   0.13273943E-05   0.00000000E+00
         671   0.71549878E-07   0.13989428E-05   0.13273929E-05   0.00000000E+00
         672   0.71549973E-07   0.13989446E-05   0.13273947E-05   0.00000000E+00
         673   0.71549890E-07   0.13989430E-05   0.13273931E-05   0.00000000E+00
         674   0.71549933E-07   0.13989438E-05   0.13273939E-05   0.00000000E+00
         675   0.71549945E-07   0.13989441E-05   0.13273941E-05   0.00000000E+00
         676   0.71549882E-07   0.13989429E-05   0.13273930E-05   0.00000000E+00
         677   0.71549975E-07   0.13989447E-05   0.13273947E-05   0.00000000E+00
         678   0.71549884E-07   0.13989429E-05   0.13273930E-05   0.00000000E+00
         679   0.71549942E-07   0.13989440E-05   0.13273941E-05   0.00000000E+00
         680   0.71549936E-07   0.13989439E-05   0.13273940E-05   0.00000000E+00
         681   0.71549888E-07   0.13989430E-05   0.13273931E-05   0.00000000E+00
         682   0.71549974E-07   0.13989447E-05   0.13273947E-05   0.00000000E+00
         683   0.71549879E-07   0.13989428E-05   0.13273929E-05   0.00000000E+00
         684   0.71549951E-07   0.13989442E-05   0.13273942E-05   0.00000000E+00
         685   0.71549926E-07   0.13989437E-05   0.13273938E-05   0.00000000E+00
         686   0.71549895E-07   0.13989431E-05   0.13273932E-05   0.00000000E+00
         687   0.71549971E-07   0.13989446E-05   0.13273946E-05   0.00000000E+00
         688   0.71549876E-07   0.13989427E-05   0.13273929E-05   0.00000000E+00
         689   0.71549959E-07   0.13989444E-05   0.13273944E-05   0.00000000E+00
         690   0.71549916E-07   0.13989435E-05   0.13273936E-05   0.00000000E+00
         691   0.71549904E-07   0.13989433E-05   0.13273934E-05   0.00000000E+00
         692   0.71549967E-07   0.13989445E-05   0.13273945E-05   0.00000000E+00
         693   0.71549874E-07   0.13989427E-05   0.13273928E-05   0.00000000E+00
         694   0.71549965E-07   0.13989445E-05   0.13273945E-05   0.00000000E+00
         695   0.71549907E-07   0.13989433E-05   0.13273934E-05   0.00000000E+00
         696   0.71549913E-07   0.13989435E-05   0.13273935E-05   0.00000000E+00
         697   0.71549961E-07   0.13989444E-05   0.13273944E-05   0.00000000E+00
         698   0.71549875E-07   0.13989427E-05   0.13273928E-05   0.00000000E+00
         699   0.71549970E-07   0.13989446E-05   0.13273946E-05   0.00000000E+00
         700   0.71549898E-07   0.13989432E-05   0.13273933E-05   0.00000000E+00
         701   0.71549923E-07   0.13989436E-05   0.13273937E-05   0.00000000E+00
         702   0.71549954E-07   0.13989443E-05   0.13273943E-05   0.00000000E+00
         703   0.71549878E-07   0.13989428E-05   0.13273929E-05   0.00000000E+00
         704   0.71549973E-07   0.13989446E-05   0.13273947E-05   0.00000000E+00
         705   0.71549890E-07   0.13989430E-05   0.13273931E-05   0.00000000E+00
         706   0.71549933E-07   0.13989438E-05   0.13273939E-05   0.00000000E+00
         707   0.71549945E-07   0.13989441E-05   0.13273941E-05   0.00000000E+00
         708   0.71549882E-07   0.13989429E-05   0.13273930E-05   0.00000000E+00
         709   0.71549975E-07   0.13989447E-05   0.13273947E-05   0.00000000E+00
         710   0.71549884E-07   0.13989429E-05   0.13273930E-05   0.00000000E+00
         711   0.71549942E-07   0.13989440E-05   0.13273941E-05   0.00000000E+00
         712   0.71549936E-07   0.13989439E-05   0.13273940E-05   0.00000000E+00
         713   0.71549888E-07   0.13989430E-05   0.13273931E-05   0.00000000E+00
         714   0.71549974E-07   0.13989447E-05   0.13273947E-05   0.00000000E+00
         715   0.71549879E-07   0.13989428E-05   0.13273929E-05   0.00000000E+00
         716   0.71549951E-07   0.13989442E-05   0.13273942E-05   0.00000000E+00
         717   0.71549926E-07   0.13989437E-05   0.13273938E-05   0.00000000E+00
         718   0.71549895E-07   0.13989431E-05   0.13273932E-05   0.00000000E+00
         719   0.71549971E-07   0.13989446E-05   0.13273946E-05   0.00000000E+00
         720   0.71549876E-07   0.13989427E-05   0.13273929E-05   0.00000000E+00
         721   0.71549959E-07   0.13989444E-05   0.13273944E-05   0.00000000E+00
         722   0.71549917E-07   0.13989435E-05   0.13273936E-05   0.00000000E+00
         723   0.71549904E-07   0.13989433E-05   0.13273934E-05   0.00000000E+00
         724   0.71549967E-07   0.13989445E-05   0.13273946E-05   0.00000000E+00
         725   0.71549874E-07   0.13989427E-05   0.13273928E-05   0.00000000E+00
         726   0.71549965E-07   0.13989445E-05   0.13273945E-05   0.00000000E+00
         727   0.71549907E-07   0.13989433E-05   0.13273934E-05   0.00000000E+00
         728   0.71549913E-07   0.13989435E-05   0.13273935E-05   0.00000000E+00
         729   0.71549961E-07   0.13989444E-05   0.13273944E-05   0.00000000E+00
         730   0.71549875E-07   0.13989427E-05   0.13273928E-05   0.00000000E+00
         731   0.71549970E-07   0.13989446E-05   0.13273946E-05   0.00000000E+00
         732   0.71549898E-07   0.13989432E-05   0.13273933E-05   0.00000000E+00
         733   0.71549923E-07   0.13989436E-05   0.13273937E-05   0.00000000E+00
         734   0.71549954E-07   0.13989443E-05   0.13273943E-05   0.00000000E+00
         735   0.71549878E-07   0.13989428E-05   0.13273929E-05   0.00000000E+00
         736   0.71549973E-07   0.13989446E-05   0.13273947E-05   0.00000000E+00
         737   0.71549891E-07   0.13989430E-05   0.13273931E-05   0.00000000E+00
         738   0.71549932E-07   0.13989438E-05   0.13273939E-05   0.00000000E+00
         739   0.71549946E-07   0.13989441E-05   0.13273941E-05   0.00000000E+00
         740   0.71549882E-07   0.13989428E-05   0.13273930E-05   0.00000000E+00
         741   0.71549975E-07   0.13989447E-05   0.13273947E-05   0.00000000E+00
         742   0.71549884E-07   0.13989429E-05   0.13273930E-05   0.00000000E+00
         743   0.71549942E-07   0.13989440E-05   0.13273941E-05   0.00000000E+00
         744   0.71549936E-07   0.13989439E-05   0.13273940E-05   0.00000000E+00
         745   0.71549888E-07   0.13989430E-05   0.13273931E-05   0.00000000E+00
         746   0.71549974E-07   0.13989447E-05   0.13273947E-05   0.00000000E+00
         747   0.71549879E-07   0.13989428E-05   0.13273929E-05   0.00000000E+00
         748   0.71549951E-07   0.13989442E-05   0.13273942E-05   0.00000000E+00
         749   0.71549927E-07   0.13989437E-05   0.13273938E-05   0.00000000E+00
         750   0.71549895E-07   0.13989431E-05   0.13273932E-05   0.00000000E+00
         751   0.71549972E-07   0.13989446E-05   0.13273946E-05   0.00000000E+00
         752   0.71549876E-07   0.13989427E-05   0.13273929E-05   0.00000000E+00
         753   0.71549958E-07   0.13989443E-05   0.13273944E-05   0.00000000E+00
         754   0.71549917E-07   0.13989435E-05   0.13273936E-05   0.00000000E+00
         755   0.71549904E-07   0.13989433E-05   0.13273934E-05   0.00000000E+00
         756   0.71549967E-07   0.13989445E-05   0.13273946E-05   0.00000000E+00
         757   0.71549875E-07   0.13989427E-05   0.13273928E-05   0.00000000E+00
         758   0.71549965E-07   0.13989445E-05   0.13273945E-05   0.00000000E+00
         759   0.71549907E-07   0.13989433E-05   0.13273934E-05   0.00000000E+00
         760   0.71549913E-07   0.13989435E-05   0.13273935E-05   0.00000000E+00
         761   0.71549961E-07   0.13989444E-05   0.13273944E-05   0.00000000E+00
         762   0.71549875E-07   0.13989427E-05   0.13273928E-05   0.00000000E+00
         763   0.71549970E-07   0.13989446E-05   0.13273946E-05   0.00000000E+00
         764   0.71549898E-07   0.13989432E-05   0.13273933E-05   0.00000000E+00
         765   0.71549922E-07   0.13989436E-05   0.13273937E-05   0.00000000E+00
         766   0.71549954E-07   0.13989443E-05   0.13273943E-05   0.00000000E+00
         767   0.71549878E-07   0.13989428E-05   0.13273929E-05   0.00000000E+00
         768   0.71549973E-07   0.13989446E-05   0.13273947E-05   0.00000000E+00
         769   0.71549891E-07   0.13989430E-05   0.13273931E-05   0.00000000E+00
         770   0.71549932E-07   0.13989438E-05   0.13273939E-05   0.00000000E+00
         771   0.71549946E-07   0.13989441E-05   0.13273942E-05   0.00000000E+00
         772   0.71549882E-07   0.13989428E-05   0.13273930E-05   0.00000000E+00
         773   0.71549975E-07   0.13989447E-05   0.13273947E-05   0.00000000E+00
         774   0.71549884E-07   0.13989429E-05   0.13273930E-05   0.00000000E+00
         775   0.71549942E-07   0.13989440E-05   0.13273941E-05   0.00000000E+00
         776   0.71549936E-07   0.13989439E-05   0.13273940E-05   0.00000000E+00
         777   0.71549888E-07   0.13989430E-05   0.13273931E-05   0.00000000E+00
         778   0.71549974E-07   0.13989447E-05   0.13273947E-05   0.00000000E+00
         779   0.71549879E-07   0.13989428E-05   0.13273929E-05   0.00000000E+00
         780   0.71549951E-07   0.13989442E-05   0.13273942E-05   0.00000000E+00
         781   0.71549927E-07   0.13989437E-05   0.13273938E-05   0.00000000E+00
         782   0.71549895E-07   0.13989431E-05   0.13273932E-05   0.00000000E+00
         783   0.71549972E-07   0.13989446E-05   0.13273946E-05   0.00000000E+00
         784   0.71549876E-07   0.13989427E-05   0.13273929E-05   0.00000000E+00
         785   0.71549958E-07   0.13989443E-05   0.13273944E-05   0.00000000E+00
         786   0.71549917E-07   0.13989435E-05   0.13273936E-05   0.00000000E+00
         787   0.71549903E-07   0.13989433E-05   0.13273934E-05   0.00000000E+00
         788   0.71549967E-07   0.13989445E-05   0.13273946E-05   0.00000000E+00
         789   0.71549875E-07   0.13989427E-05   0.13273928E-05   0.00000000E+00
         790   0.71549965E-07   0.13989445E-05   0.13273945E-05   0.00000000E+00
         791   0.71549907E-07   0.13989434E-05   0.13273934E-05   0.00000000E+00
         792   0.71549913E-07   0.13989435E-05   0.13273935E-05   0.00000000E+00
         793   0.71549961E-07   0.13989444E-05   0.13273944E-05   0.00000000E+00
         794   0.71549875E-07   0.13989427E-05   0.13273928E-05   0.00000000E+00
         795   0.71549970E-07   0.13989446E-05   0.13273946E-05   0.00000000E+00
         796   0.71549899E-07   0.13989432E-05   0.13273933E-05   0.00000000E+00
         797   0.71549922E-07   0.13989436E-05   0.13273937E-05   0.00000000E+00
         798   0.71549954E-07   0.13989443E-05   0.13273943E-05   0.00000000E+00
         799   0.71549877E-07   0.13989428E-05   0.13273929E-05   0.00000000E+00
         800   0.71549973E-07   0.13989446E-05   0.13273947E-05   0.00000000E+00
         801   0.71549891E-07   0.13989430E-05   0.13273931E-05   0.00000000E+00
         802   0.71549932E-07   0.13989438E-05   0.13273939E-05   0.00000000E+00
         803   0.71549946E-07   0.13989441E-05   0.13273942E-05   0.00000000E+00
         804   0.71549882E-07   0.13989428E-05   0.13273930E-05   0.00000000E+00
         805   0.71549975E-07   0.13989447E-05   0.13273947E-05   0.00000000E+00
         806   0.71549884E-07   0.13989429E-05   0.13273930E-05   0.00000000E+00
         807   0.71549942E-07   0.13989440E-05   0.13273941E-05   0.00000000E+00
         808   0.71549937E-07   0.13989439E-05   0.13273940E-05   0.00000000E+00
         809   0.71549888E-07   0.13989430E-05   0.13273931E-05   0.00000000E+00
         810   0.71549974E-07   0.13989447E-05   0.13273947E-05   0.00000000E+00
         811   0.71549879E-07   0.13989428E-05   0.13273929E-05   0.00000000E+00
         812   0.71549950E-07   0.13989442E-05   0.13273942E-05   0.00000000E+00
         813   0.71549927E-07   0.13989437E-05   0.13273938E-05   0.00000000E+00
         814   0.71549895E-07   0.13989431E-05   0.13273932E-05   0.00000000E+00
         815   0.71549972E-07   0.13989446E-05   0.13273946E-05   0.00000000E+00
         816   0.71549876E-07   0.13989427E-05   0.13273929E-05   0.00000000E+00
         817   0.71549958E-07   0.13989443E-05   0.13273944E-05   0.00000000E+00
         818   0.71549917E-07   0.13989435E-05   0.13273936E-05   0.00000000E+00
         819   0.71549903E-07   0.13989433E-05   0.13273934E-05   0.00000000E+00
         820   0.71549967E-07   0.13989445E-05   0.13273946E-05   0.00000000E+00
         821   0.71549875E-07   0.13989427E-05   0.13273928E-05   0.00000000E+00
         822   0.71549965E-07   0.13989445E-05   0.13273945E-05   0.00000000E+00
         823   0.71549908E-07   0.13989434E-05   0.13273934E-05   0.00000000E+00
         824   0.71549912E-07   0.13989434E-05   0.13273935E-05   0.00000000E+00
         825   0.71549962E-07   0.13989444E-05   0.13273944E-05   0.00000000E+00
         826   0.71549875E-07   0.13989427E-05   0.13273928E-05   0.00000000E+00
         827   0.71549970E-07   0.13989446E-05   0.13273946E-05   0.00000000E+00
         828   0.71549899E-07   0.13989432E-05   0.13273933E-05   0.00000000E+00
         829   0.71549922E-07   0.13989436E-05   0.13273937E-05   0.00000000E+00
         830   0.71549954E-07   0.13989443E-05   0.13273943E-05   0.00000000E+00
         831   0.71549877E-07   0.13989428E-05   0.13273929E-05   0.00000000E+00
         832   0.71549973E-07   0.13989446E-05   0.13273947E-05   0.00000000E+00
         833   0.71549891E-07   0.13989430E-05   0.13273931E-05   0.00000000E+00
         834   0.71549932E-07   0.13989438E-05   0.13273939E-05   0.00000000E+00
         835   0.71549946E-07   0.13989441E-05   0.13273942E-05   0.00000000E+00
         836   0.71549882E-07   0.13989428E-05   0.13273930E-05   0.00000000E+00
         837   0.71549975E-07   0.13989447E-05   0.13273947E-05   0.00000000E+00
         838   0.71549884E-07   0.13989429E-05   0.13273930E-05   0.00000000E+00
         839   0.71549941E-07   0.13989440E-05   0.13273941E-05   0.00000000E+00
         840   0.71549937E-07   0.13989439E-05   0.13273940E-05   0.00000000E+00
         841   0.71549887E-07   0.13989430E-05   0.13273931E-05   0.00000000E+00
         842   0.71549974E-07   0.13989447E-05   0.13273947E-05   0.00000000E+00
         843   0.71549879E-07   0.13989428E-05   0.13273929E-05   0.00000000E+00
         844   0.71549950E-07   0.13989442E-05   0.13273942E-05   0.00000000E+00
         845   0.71549927E-07   0.13989437E-05   0.13273938E-05   0.00000000E+00
         846   0.71549895E-07   0.13989431E-05   0.13273932E-05   0.00000000E+00
         847   0.71549972E-07   0.13989446E-05   0.13273946E-05   0.00000000E+00
         848   0.71549876E-07   0.13989427E-05   0.13273929E-05   0.00000000E+00
         849   0.71549958E-07   0.13989443E-05   0.13273944E-05   0.00000000E+00
         850   0.71549917E-07   0.13989435E-05   0.13273936E-05   0.00000000E+00
         851   0.71549903E-07   0.13989433E-05   0.13273934E-05   0.00000000E+00
         852   0.71549968E-07   0.13989445E-05   0.13273946E-05   0.00000000E+00
         853   0.71549875E-07   0.13989427E-05   0.13273928E-05   0.00000000E+00
         854   0.71549965E-07   0.13989445E-05   0.13273945E-05   0.00000000E+00
         855   0.71549908E-07   0.13989434E-05   0.13273934E-05   0.00000000E+00
         856   0.71549912E-07   0.13989434E-05   0.13273935E-05   0.00000000E+00
         857   0.71549962E-07   0.13989444E-05   0.13273944E-05   0.00000000E+00
         858   0.71549875E-07   0.13989427E-05   0.13273928E-05   0.00000000E+00
         859   0.71549970E-07   0.13989446E-05   0.13273946E-05   0.00000000E+00
         860   0.71549899E-07   0.13989432E-05   0.13273933E-05   0.00000000E+00
         861   0.71549922E-07   0.13989436E-05   0.13273937E-05   0.00000000E+00
         862   0.71549954E-07   0.13989443E-05   0.13273943E-05   0.00000000E+00
         863   0.71549877E-07   0.13989428E-05   0.13273929E-05   0.00000000E+00
         864   0.71549973E-07   0.13989446E-05   0.13273947E-05   0.00000000E+00
         865   0.71549891E-07   0.13989430E-05   0.13273931E-05   0.00000000E+00
         866   0.71549932E-07   0.13989438E-05   0.13273939E-05   0.00000000E+00
         867   0.71549946E-07   0.13989441E-05   0.13273942E-05   0.00000000E+00
         868   0.71549882E-07   0.13989428E-05   0.13273930E-05   0.00000000E+00
         869   0.71549975E-07   0.13989447E-05   0.13273947E-05   0.00000000E+00
         870   0.71549884E-07   0.13989429E-05   0.13273930E-05   0.00000000E+00
         871   0.71549941E-07   0.13989440E-05   0.13273941E-05   0.00000000E+00
         872   0.71549937E-07   0.13989439E-05   0.13273940E-05   0.00000000E+00
         873   0.71549887E-07   0.13989430E-05   0.13273931E-05   0.00000000E+00
         874   0.71549974E-07   0.13989447E-05   0.13273947E-05   0.00000000E+00
         875   0.71549879E-07   0.13989428E-05   0.13273929E-05   0.00000000E+00
         876   0.71549950E-07   0.13989442E-05   0.13273942E-05   0.00000000E+00
         877   0.71549927E-07   0.13989437E-05   0.13273938E-05   0.00000000E+00
         878   0.71549895E-07   0.13989431E-05   0.13273932E-05   0.00000000E+00
         879   0.71549972E-07   0.13989446E-05   0.13273946E-05   0.00000000E+00
         880   0.71549876E-07   0.13989427E-05   0.13273929E-05   0.00000000E+00
         881   0.71549958E-07   0.13989443E-05   0.13273944E-05   0.00000000E+00
         882   0.71549917E-07   0.13989435E-05   0.13273936E-05   0.00000000E+00
         883   0.71549903E-07   0.13989433E-05   0.13273934E-05   0.00000000E+00
         884   0.71549968E-07   0.13989445E-05   0.13273946E-05   0.00000000E+00
         885   0.71549875E-07   0.13989427E-05   0.13273928E-05   0.00000000E+00
         886   0.71549965E-07   0.13989445E-05   0.13273945E-05   0.00000000E+00
         887   0.71549908E-07   0.13989434E-05   0.13273935E-05   0.00000000E+00
         888   0.71549912E-07   0.13989434E-05   0.13273935E-05   0.00000000E+00
         889   0.71549962E-07   0.13989444E-05   0.13273945E-05   0.00000000E+00
         890   0.71549875E-07   0.13989427E-05   0.13273928E-05   0.00000000E+00
         891   0.71549970E-07   0.13989446E-05   0.13273946E-05   0.00000000E+00
         892   0.71549899E-07   0.13989432E-05   0.13273933E-05   0.00000000E+00
         893   0.71549922E-07   0.13989436E-05   0.13273937E-05   0.00000000E+00
         894   0.71549955E-07   0.13989443E-05   0.13273943E-05   0.00000000E+00
         895   0.71549877E-07   0.13989428E-05   0.13273929E-05   0.00000000E+00
         896   0.71549973E-07   0.13989446E-05   0.13273947E-05   0.00000000E+00
         897   0.71549891E-07   0.13989430E-05   0.13273931E-05   0.00000000E+00
         898   0.71549932E-07   0.13989438E-05   0.13273939E-05   0.00000000E+00
         899   0.71549946E-07   0.13989441E-05   0.13273942E-05   0.00000000E+00
         900   0.71549881E-07   0.13989428E-05   0.13273930E-05   0.00000000E+00
         901   0.71549975E-07   0.13989447E-05   0.13273947E-05   0.00000000E+00
         902   0.71549884E-07   0.13989429E-05   0.13273930E-05   0.00000000E+00
         903   0.71549941E-07   0.13989440E-05   0.13273941E-05   0.00000000E+00
         904   0.71549937E-07   0.13989439E-05   0.13273940E-05   0.00000000E+00
         905   0.71549887E-07   0.13989430E-05   0.13273931E-05   0.00000000E+00
         906   0.71549974E-07   0.13989447E-05   0.13273947E-05   0.00000000E+00
         907   0.71549879E-07   0.13989428E-05   0.13273929E-05   0.00000000E+00
         908   0.71549950E-07   0.13989442E-05   0.13273942E-05   0.00000000E+00
         909   0.71549927E-07   0.13989437E-05   0.13273938E-05   0.00000000E+00
         910   0.71549894E-07   0.13989431E-05   0.13273932E-05   0.00000000E+00
         911   0.71549972E-07   0.13989446E-05   0.13273946E-05   0.00000000E+00
         912   0.71549876E-07   0.13989427E-05   0.13273929E-05   0.00000000E+00
         913   0.71549958E-07   0.13989443E-05   0.13273944E-05   0.00000000E+00
         914   0.71549918E-07   0.13989435E-05   0.13273936E-05   0.00000000E+00
         915   0.71549903E-07   0.13989433E-05   0.13273934E-05   0.00000000E+00
         916   0.71549968E-07   0.13989445E-05   0.13273946E-05   0.00000000E+00
         917   0.71549875E-07   0.13989427E-05   0.13273928E-05   0.00000000E+00
         918   0.71549965E-07   0.13989445E-05   0.13273945E-05   0.00000000E+00
         919   0.71549908E-07   0.13989434E-05   0.13273935E-05   0.00000000E+00
         920   0.71549912E-07   0.13989434E-05   0.13273935E-05   0.00000000E+00
         921   0.71549962E-07   0.13989444E-05   0.13273945E-05   0.00000000E+00
         922   0.71549875E-07   0.13989427E-05   0.13273928E-05   0.00000000E+00
         923   0.71549970E-07   0.13989446E-05   0.13273946E-05   0.00000000E+00
         924   0.71549899E-07   0.13989432E-05   0.13273933E-05   0.00000000E+00
         925   0.71549922E-07   0.13989436E-05   0.13273937E-05   0.00000000E+00
         926   0.71549955E-07   0.13989443E-05   0.13273943E-05   0.00000000E+00
         927   0.71549877E-07   0.13989428E-05   0.13273929E-05   0.00000000E+00
         928   0.71549973E-07   0.13989446E-05   0.13273947E-05   0.00000000E+00
         929   0.71549891E-07   0.13989430E-05   0.13273931E-05   0.00000000E+00
         930   0.71549931E-07   0.13989438E-05   0.13273939E-05   0.00000000E+00
         931   0.71549946E-07   0.13989441E-05   0.13273942E-05   0.00000000E+00
         932   0.71549881E-07   0.13989428E-05   0.13273930E-05   0.00000000E+00
         933   0.71549975E-07   0.13989447E-05   0.13273947E-05   0.00000000E+00
         934   0.71549885E-07   0.13989429E-05   0.13273930E-05   0.00000000E+00
         935   0.71549941E-07   0.13989440E-05   0.13273941E-05   0.00000000E+00
         936   0.71549937E-07   0.13989439E-05   0.13273940E-05   0.00000000E+00
         937   0.71549887E-07   0.13989430E-05   0.13273931E-05   0.00000000E+00
         938   0.71549974E-07   0.13989447E-05   0.13273947E-05   0.00000000E+00
         939   0.71549879E-07   0.13989428E-05   0.13273929E-05   0.00000000E+00
         940   0.71549950E-07   0.13989442E-05   0.13273942E-05   0.00000000E+00
         941   0.71549927E-07   0.13989437E-05   0.13273938E-05   0.00000000E+00
         942   0.71549894E-07   0.13989431E-05   0.13273932E-05   0.00000000E+00
         943   0.71549972E-07   0.13989446E-05   0.13273946E-05   0.00000000E+00
         944   0.71549876E-07   0.13989427E-05   0.13273929E-05   0.00000000E+00
         945   0.71549958E-07   0.13989443E-05   0.13273944E-05   0.00000000E+00
         946   0.71549918E-07   0.13989436E-05   0.13273936E-05   0.00000000E+00
         947   0.71549903E-07   0.13989433E-05   0.13273934E-05   0.00000000E+00
         948   0.71549968E-07   0.13989445E-05   0.13273946E-05   0.00000000E+00
         949   0.71549875E-07   0.13989427E-05   0.13273928E-05   0.00000000E+00
         950   0.71549964E-07   0.13989445E-05   0.13273945E-05   0.00000000E+00
         951   0.71549908E-07   0.13989434E-05   0.13273935E-05   0.00000000E+00
         952   0.71549912E-07   0.13989434E-05   0.13273935E-05   0.00000000E+00
         953   0.71549962E-07   0.13989444E-05   0.13273945E-05   0.00000000E+00
         954   0.71549875E-07   0.13989427E-05   0.13273928E-05   0.00000000E+00
         955   0.71549970E-07   0.13989446E-05   0.13273946E-05   0.00000000E+00
         956   0.71549899E-07   0.13989432E-05   0.13273933E-05   0.00000000E+00
         957   0.71549922E-07   0.13989436E-05   0.13273937E-05   0.00000000E+00
         958   0.71549955E-07   0.13989443E-05   0.13273943E-05   0.00000000E+00
         959   0.71549877E-07   0.13989428E-05   0.13273929E-05   0.00000000E+00
         960   0.71549973E-07   0.13989446E-05   0.13273947E-05   0.00000000E+00
         961   0.71549891E-07   0.13989430E-05   0.13273931E-05   0.00000000E+00
         962   0.71549931E-07   0.13989438E-05   0.13273939E-05   0.00000000E+00
         963   0.71549946E-07   0.13989441E-05   0.13273942E-05   0.00000000E+00
         964   0.71549881E-07   0.13989428E-05   0.13273930E-05   0.00000000E+00
         965   0.71549975E-07   0.13989447E-05   0.13273947E-05   0.00000000E+00
         966   0.71549885E-07   0.13989429E-05   0.13273930E-05   0.00000000E+00
         967   0.71549941E-07   0.13989440E-05   0.13273941E-05   0.00000000E+00
         968   0.71549937E-07   0.13989439E-05   0.13273940E-05   0.00000000E+00
         969   0.71549887E-07   0.13989430E-05   0.13273931E-05   0.00000000E+00
         970   0.71549974E-07   0.13989447E-05   0.13273947E-05   0.00000000E+00
         971   0.71549880E-07   0.13989428E-05   0.13273929E-05   0.00000000E+00
         972   0.71549950E-07   0.13989442E-05   0.13273942E-05   0.00000000E+00
         973   0.71549928E-07   0.13989437E-05   0.13273938E-05   0.00000000E+00
         974   0.71549894E-07   0.13989431E-05   0.13273932E-05   0.00000000E+00
         975   0.71549972E-07   0.13989446E-05   0.13273946E-05   0.00000000E+00
         976   0.71549876E-07   0.13989427E-05   0.13273929E-05   0.00000000E+00
         977   0.71549958E-07   0.13989443E-05   0.13273944E-05   0.00000000E+00
         978   0.71549918E-07   0.13989436E-05   0.13273936E-05   0.00000000E+00
         979   0.71549903E-07   0.13989433E-05   0.13273934E-05   0.00000000E+00
         980   0.71549968E-07   0.13989445E-05   0.13273946E-05   0.00000000E+00
         981   0.71549875E-07   0.13989427E-05   0.13273928E-05   0.00000000E+00
         982   0.71549964E-07   0.13989445E-05   0.13273945E-05   0.00000000E+00
         983   0.71549908E-07   0.13989434E-05   0.13273935E-05   0.00000000E+00
         984   0.71549912E-07   0.13989434E-05   0.13273935E-05   0.00000000E+00
         985   0.71549962E-07   0.13989444E-05   0.13273945E-05   0.00000000E+00
         986   0.71549875E-07   0.13989427E-05   0.13273928E-05   0.00000000E+00
         987   0.71549970E-07   0.13989446E-05   0.13273946E-05   0.00000000E+00
         988   0.71549899E-07   0.13989432E-05   0.13273933E-05   0.00000000E+00
         989   0.71549921E-07   0.13989436E-05   0.13273937E-05   0.00000000E+00
         990   0.71549955E-07   0.13989443E-05   0.13273943E-05   0.00000000E+00
         991   0.71549877E-07   0.13989428E-05   0.13273929E-05   0.00000000E+00
         992   0.71549973E-07   0.13989446E-05   0.13273947E-05   0.00000000E+00
         993   0.71549891E-07   0.13989430E-05   0.13273931E-05   0.00000000E+00
         994   0.71549931E-07   0.13989438E-05   0.13273939E-05   0.00000000E+00
         995   0.71549947E-07   0.13989441E-05   0.13273942E-05   0.00000000E+00
         996   0.71549881E-07   0.13989428E-05   0.13273930E-05   0.00000000E+00
         997   0.71549975E-07   0.13989447E-05   0.13273947E-05   0.00000000E+00
         998   0.71549885E-07   0.13989429E-05   0.13273930E-05   0.00000000E+00
         999   0.71549941E-07   0.13989440E-05   0.13273941E-05   0.00000000E+00
        1000   0.71549937E-07   0.13989439E-05   0.13273940E-05   0.00000000E+00
