  0.000000000000000E+000
  0.120000000000000     
  0.240000000000000     
  0.360000000000000     
  0.480000000000000     
  0.600000000000000     
  0.720000000000000     
  0.840000000000000     
  0.960000000000000     
   1.08000000000000     
   1.20000000000000     
   1.32000000000000     
   1.44000000000000     
   1.56000000000000     
   1.68000000000000     
   1.80000000000000     
   1.92000000000000     
   2.04000000000000     
   2.16000000000000     
   2.28000000000000     
   2.40000000000000     
   2.52000000000000     
   2.64000000000000     
   2.76000000000000     
   2.88000000000000     
   3.00000000000000     
   3.12000000000000     
   3.24000000000000     
   3.36000000000000     
   3.48000000000000     
   3.60000000000000     
   3.72000000000000     
   3.84000000000000     
   3.96000000000000     
   4.08000000000000     
   4.20000000000000     
   4.32000000000000     
   4.44000000000000     
   4.56000000000000     
   4.68000000000000     
   4.80000000000000     
   4.92000000000000     
   5.04000000000000     
   5.16000000000000     
   5.28000000000000     
   5.40000000000000     
   5.52000000000000     
   5.64000000000000     
   5.76000000000000     
   5.88000000000000     
   6.00000000000000     
   6.12000000000000     
   6.24000000000000     
   6.36000000000000     
   6.48000000000000     
   6.60000000000000     
   6.72000000000000     
   6.84000000000000     
   6.96000000000000     
   7.08000000000000     
   7.20000000000000     
   7.32000000000000     
   7.44000000000000     
   7.56000000000000     
   7.68000000000000     
   7.80000000000000     
   7.92000000000000     
   8.04000000000000     
   8.16000000000000     
   8.28000000000000     
   8.40000000000000     
   8.52000000000000     
   8.64000000000000     
   8.76000000000000     
   8.88000000000000     
   9.00000000000000     
   9.12000000000000     
   9.24000000000000     
   9.36000000000000     
   9.48000000000000     
   9.60000000000000     
   9.72000000000000     
   9.84000000000000     
   9.96000000000000     
   10.0800000000000     
   10.2000000000000     
   10.3200000000000     
   10.4400000000000     
   10.5600000000000     
   10.6800000000000     
   10.8000000000000     
   10.9200000000000     
   11.0400000000000     
   11.1600000000000     
   11.2800000000000     
   11.4000000000000     
   11.5200000000000     
   11.6400000000000     
   11.7600000000000     
   11.8800000000000     
   12.0000000000000     
   12.1200000000000     
   12.2400000000000     
   12.3600000000000     
   12.4800000000000     
   12.6000000000000     
   12.7200000000000     
   12.8400000000000     
   12.9600000000000     
   13.0800000000000     
   13.2000000000000     
   13.3200000000000     
   13.4400000000000     
   13.5600000000000     
   13.6800000000000     
   13.8000000000000     
   13.9200000000000     
   14.0400000000000     
   14.1600000000000     
   14.2800000000000     
   14.4000000000000     
   14.5200000000000     
   14.6400000000000     
   14.7600000000000     
   14.8800000000000     
   15.0000000000000     
   15.1200000000000     
   15.2400000000000     
   15.3600000000000     
   15.4800000000000     
   15.6000000000000     
   15.7200000000000     
   15.8400000000000     
   15.9600000000000     
   16.0800000000000     
   16.2000000000000     
   16.3200000000000     
   16.4400000000000     
   16.5600000000000     
   16.6800000000000     
   16.8000000000000     
   16.9200000000000     
   17.0400000000000     
   17.1600000000000     
   17.2800000000000     
   17.4000000000000     
   17.5200000000000     
   17.6400000000000     
   17.7600000000000     
   17.8800000000000     
   18.0000000000000     
   18.1200000000000     
   18.2400000000000     
   18.3600000000000     
   18.4800000000000     
   18.6000000000000     
   18.7200000000000     
   18.8400000000000     
   18.9600000000000     
   19.0800000000000     
   19.2000000000000     
   19.3200000000000     
   19.4400000000000     
   19.5600000000000     
   19.6800000000000     
   19.8000000000000     
   19.9200000000000     
   20.0400000000000     
   20.1600000000000     
   20.2800000000000     
   20.4000000000000     
   20.5200000000000     
   20.6400000000000     
   20.7600000000000     
   20.8800000000000     
   21.0000000000000     
   21.1200000000000     
   21.2400000000000     
   21.3600000000000     
   21.4800000000000     
   21.6000000000000     
   21.7200000000000     
   21.8400000000000     
   21.9600000000000     
   22.0800000000000     
   22.2000000000000     
   22.3200000000000     
   22.4400000000000     
   22.5600000000000     
   22.6800000000000     
   22.8000000000000     
   22.9200000000000     
   23.0400000000000     
   23.1600000000000     
   23.2800000000000     
   23.4000000000000     
   23.5200000000000     
   23.6400000000000     
   23.7600000000000     
   23.8800000000000     
   24.0000000000000     
   24.1200000000000     
   24.2400000000000     
   24.3600000000000     
   24.4800000000000     
   24.6000000000000     
   24.7200000000000     
   24.8400000000000     
   24.9600000000000     
   25.0800000000000     
   25.2000000000000     
   25.3200000000000     
   25.4400000000000     
   25.5600000000000     
   25.6800000000000     
   25.8000000000000     
   25.9200000000000     
   26.0400000000000     
   26.1600000000000     
   26.2800000000000     
   26.4000000000000     
   26.5200000000000     
   26.6400000000000     
   26.7600000000000     
   26.8800000000000     
   27.0000000000000     
   27.1200000000000     
   27.2400000000000     
   27.3600000000000     
   27.4800000000000     
   27.6000000000000     
   27.7200000000000     
   27.8400000000000     
   27.9600000000000     
   28.0800000000000     
   28.2000000000000     
   28.3200000000000     
   28.4400000000000     
   28.5600000000000     
   28.6800000000000     
   28.8000000000000     
   28.9200000000000     
   29.0400000000000     
   29.1600000000000     
   29.2800000000000     
   29.4000000000000     
   29.5200000000000     
   29.6400000000000     
   29.7600000000000     
   29.8800000000000     
   30.0000000000000     
   30.1200000000000     
   30.2400000000000     
   30.3600000000000     
   30.4800000000000     
   30.6000000000000     
   30.7200000000000     
   30.8400000000000     
   30.9600000000000     
   31.0800000000000     
   31.2000000000000     
   31.3200000000000     
   31.4400000000000     
   31.5600000000000     
   31.6800000000000     
   31.8000000000000     
   31.9200000000000     
   32.0400000000000     
   32.1600000000000     
   32.2800000000000     
   32.4000000000000     
   32.5200000000000     
   32.6400000000000     
   32.7600000000000     
   32.8800000000000     
   33.0000000000000     
   33.1200000000000     
   33.2400000000000     
   33.3600000000000     
   33.4800000000000     
   33.6000000000000     
   33.7200000000000     
   33.8400000000000     
   33.9600000000000     
   34.0800000000000     
   34.2000000000000     
   34.3200000000000     
   34.4400000000000     
   34.5600000000000     
   34.6800000000000     
   34.8000000000000     
   34.9200000000000     
   35.0400000000000     
   35.1600000000000     
   35.2800000000000     
   35.4000000000000     
   35.5200000000000     
   35.6400000000000     
   35.7600000000000     
   35.8800000000000     
   36.0000000000000     
   36.1200000000000     
   36.2400000000000     
   36.3600000000000     
   36.4800000000000     
   36.6000000000000     
   36.7200000000000     
   36.8400000000000     
   36.9600000000000     
   37.0800000000000     
   37.2000000000000     
   37.3200000000000     
   37.4400000000000     
   37.5600000000000     
   37.6800000000000     
   37.8000000000000     
   37.9200000000000     
   38.0400000000000     
   38.1600000000000     
   38.2800000000000     
   38.4000000000000     
   38.5200000000000     
   38.6400000000000     
   38.7600000000000     
   38.8800000000000     
   39.0000000000000     
   39.1200000000000     
   39.2400000000000     
   39.3600000000000     
   39.4800000000000     
   39.6000000000000     
   39.7200000000000     
   39.8400000000000     
   39.9600000000000     
   40.0800000000000     
   40.2000000000000     
   40.3200000000000     
   40.4400000000000     
   40.5600000000000     
   40.6800000000000     
   40.8000000000000     
   40.9200000000000     
   41.0400000000000     
   41.1600000000000     
   41.2800000000000     
   41.4000000000000     
   41.5200000000000     
   41.6400000000000     
   41.7600000000000     
   41.8800000000000     
   42.0000000000000     
   42.1200000000000     
   42.2400000000000     
   42.3600000000000     
   42.4800000000000     
   42.6000000000000     
   42.7200000000000     
   42.8400000000000     
   42.9600000000000     
   43.0800000000000     
   43.2000000000000     
   43.3200000000000     
   43.4400000000000     
   43.5600000000000     
   43.6800000000000     
   43.8000000000000     
   43.9200000000000     
   44.0400000000000     
   44.1600000000000     
   44.2800000000000     
   44.4000000000000     
   44.5200000000000     
   44.6400000000000     
   44.7600000000000     
   44.8800000000000     
   45.0000000000000     
   45.1200000000000     
   45.2400000000000     
   45.3600000000000     
   45.4800000000000     
   45.6000000000000     
   45.7200000000000     
   45.8400000000000     
   45.9600000000000     
   46.0800000000000     
   46.2000000000000     
   46.3200000000000     
   46.4400000000000     
   46.5600000000000     
   46.6800000000000     
   46.8000000000000     
   46.9200000000000     
   47.0400000000000     
   47.1600000000000     
   47.2800000000000     
   47.4000000000000     
   47.5200000000000     
   47.6400000000000     
   47.7600000000000     
   47.8800000000000     
   48.0000000000000     
   48.1200000000000     
   48.2400000000000     
   48.3600000000000     
   48.4800000000000     
   48.6000000000000     
   48.7200000000000     
   48.8400000000000     
   48.9600000000000     
   49.0800000000000     
   49.2000000000000     
   49.3200000000000     
   49.4400000000000     
   49.5600000000000     
   49.6800000000000     
   49.8000000000000     
   49.9200000000000     
   50.0400000000000     
   50.1600000000000     
   50.2800000000000     
   50.4000000000000     
   50.5200000000000     
   50.6400000000000     
   50.7600000000000     
   50.8800000000000     
   51.0000000000000     
   51.1200000000000     
   51.2400000000000     
   51.3600000000000     
   51.4800000000000     
   51.6000000000000     
   51.7200000000000     
   51.8400000000000     
   51.9600000000000     
   52.0800000000000     
   52.2000000000000     
   52.3200000000000     
   52.4400000000000     
   52.5600000000000     
   52.6800000000000     
   52.8000000000000     
   52.9200000000000     
   53.0400000000000     
   53.1600000000000     
   53.2800000000000     
   53.4000000000000     
   53.5200000000000     
   53.6400000000000     
   53.7600000000000     
   53.8800000000000     
   54.0000000000000     
   54.1200000000000     
   54.2400000000000     
   54.3600000000000     
   54.4800000000000     
   54.6000000000000     
   54.7200000000000     
   54.8400000000000     
   54.9600000000000     
   55.0800000000000     
   55.2000000000000     
   55.3200000000000     
   55.4400000000000     
   55.5600000000000     
   55.6800000000000     
   55.8000000000000     
   55.9200000000000     
   56.0400000000000     
   56.1600000000000     
   56.2800000000000     
   56.4000000000000     
   56.5200000000000     
   56.6400000000000     
   56.7600000000000     
   56.8800000000000     
   57.0000000000000     
   57.1200000000000     
   57.2400000000000     
   57.3600000000000     
   57.4800000000000     
   57.6000000000000     
   57.7200000000000     
   57.8400000000000     
   57.9600000000000     
   58.0800000000000     
   58.2000000000000     
   58.3200000000000     
   58.4400000000000     
   58.5600000000000     
   58.6800000000000     
   58.8000000000000     
   58.9200000000000     
   59.0400000000000     
   59.1600000000000     
   59.2800000000000     
   59.4000000000000     
   59.5200000000000     
   59.6400000000000     
   59.7600000000000     
   59.8800000000000     
   60.0000000000000     
   60.1200000000000     
   60.2400000000000     
   60.3600000000000     
   60.4800000000000     
   60.6000000000000     
   60.7200000000000     
   60.8400000000000     
   60.9600000000000     
   61.0800000000000     
   61.2000000000000     
   61.3200000000000     
   61.4400000000000     
   61.5600000000000     
   61.6800000000000     
   61.8000000000000     
   61.9200000000000     
   62.0400000000000     
   62.1600000000000     
   62.2800000000000     
   62.4000000000000     
   62.5200000000000     
   62.6400000000000     
   62.7600000000000     
   62.8800000000000     
   63.0000000000000     
   63.1200000000000     
   63.2400000000000     
   63.3600000000000     
   63.4800000000000     
   63.6000000000000     
   63.7200000000000     
   63.8400000000000     
   63.9600000000000     
   64.0800000000000     
   64.2000000000000     
   64.3200000000000     
   64.4400000000000     
   64.5600000000000     
   64.6800000000000     
   64.8000000000000     
   64.9200000000000     
   65.0400000000000     
   65.1600000000000     
   65.2800000000000     
   65.4000000000000     
   65.5200000000000     
   65.6400000000000     
   65.7600000000000     
   65.8800000000000     
   66.0000000000000     
   66.1200000000000     
   66.2400000000000     
   66.3600000000000     
   66.4800000000000     
   66.6000000000000     
   66.7200000000000     
   66.8400000000000     
   66.9600000000000     
   67.0800000000000     
   67.2000000000000     
   67.3200000000000     
   67.4400000000000     
   67.5600000000000     
   67.6800000000000     
   67.8000000000000     
   67.9200000000000     
   68.0400000000000     
   68.1600000000000     
   68.2800000000000     
   68.4000000000000     
   68.5200000000000     
   68.6400000000000     
   68.7600000000000     
   68.8800000000000     
   69.0000000000000     
   69.1200000000000     
   69.2400000000000     
   69.3600000000000     
   69.4800000000000     
   69.6000000000000     
   69.7200000000000     
   69.8400000000000     
   69.9600000000000     
   70.0800000000000     
   70.2000000000000     
   70.3200000000000     
   70.4400000000000     
   70.5600000000000     
   70.6800000000000     
   70.8000000000000     
   70.9200000000000     
   71.0400000000000     
   71.1600000000000     
   71.2800000000000     
   71.4000000000000     
   71.5200000000000     
   71.6400000000000     
   71.7600000000000     
   71.8800000000000     
   72.0000000000000     
   72.1200000000000     
   72.2400000000000     
   72.3600000000000     
   72.4800000000000     
   72.6000000000000     
   72.7200000000000     
   72.8400000000000     
   72.9600000000000     
   73.0800000000000     
   73.2000000000000     
   73.3200000000000     
   73.4400000000000     
   73.5600000000000     
   73.6800000000000     
   73.8000000000000     
   73.9200000000000     
   74.0400000000000     
   74.1600000000000     
   74.2800000000000     
   74.4000000000000     
   74.5200000000000     
   74.6400000000000     
   74.7600000000000     
   74.8800000000000     
   75.0000000000000     
   75.1200000000000     
   75.2400000000000     
   75.3600000000000     
   75.4800000000000     
   75.6000000000000     
   75.7200000000000     
   75.8400000000000     
   75.9600000000000     
   76.0800000000000     
   76.2000000000000     
   76.3200000000000     
   76.4400000000000     
   76.5600000000000     
   76.6800000000000     
   76.8000000000000     
   76.9200000000000     
   77.0400000000000     
   77.1600000000000     
   77.2800000000000     
   77.4000000000000     
   77.5200000000000     
   77.6400000000000     
   77.7600000000000     
   77.8800000000000     
   78.0000000000000     
   78.1200000000000     
   78.2400000000000     
   78.3600000000000     
   78.4800000000000     
   78.6000000000000     
   78.7200000000000     
   78.8400000000000     
   78.9600000000000     
   79.0800000000000     
   79.2000000000000     
   79.3200000000000     
   79.4400000000000     
   79.5600000000000     
   79.6800000000000     
   79.8000000000000     
   79.9200000000000     
   80.0400000000000     
   80.1600000000000     
   80.2800000000000     
   80.4000000000000     
   80.5200000000000     
   80.6400000000000     
   80.7600000000000     
   80.8800000000000     
   81.0000000000000     
   81.1200000000000     
   81.2400000000000     
   81.3600000000000     
   81.4800000000000     
   81.6000000000000     
   81.7200000000000     
   81.8400000000000     
   81.9600000000000     
   82.0800000000000     
   82.2000000000000     
   82.3200000000000     
   82.4400000000000     
   82.5600000000000     
   82.6800000000000     
   82.8000000000000     
   82.9200000000000     
   83.0400000000000     
   83.1600000000000     
   83.2800000000000     
   83.4000000000000     
   83.5200000000000     
   83.6400000000000     
   83.7600000000000     
   83.8800000000000     
   84.0000000000000     
   84.1200000000000     
   84.2400000000000     
   84.3600000000000     
   84.4800000000000     
   84.6000000000000     
   84.7200000000000     
   84.8400000000000     
   84.9600000000000     
   85.0800000000000     
   85.2000000000000     
   85.3200000000000     
   85.4400000000000     
   85.5600000000000     
   85.6800000000000     
   85.8000000000000     
   85.9200000000000     
   86.0400000000000     
   86.1600000000000     
   86.2800000000000     
   86.4000000000000     
   86.5200000000000     
   86.6400000000000     
   86.7600000000000     
   86.8800000000000     
   87.0000000000000     
   87.1200000000000     
   87.2400000000000     
   87.3600000000000     
   87.4800000000000     
   87.6000000000000     
   87.7200000000000     
   87.8400000000000     
   87.9600000000000     
   88.0800000000000     
   88.2000000000000     
   88.3200000000000     
   88.4400000000000     
   88.5600000000000     
   88.6800000000000     
   88.8000000000000     
   88.9200000000000     
   89.0400000000000     
   89.1600000000000     
   89.2800000000000     
   89.4000000000000     
   89.5200000000000     
   89.6400000000000     
   89.7600000000000     
   89.8800000000000     
   90.0000000000000     
   90.1200000000000     
   90.2400000000000     
   90.3600000000000     
   90.4800000000000     
   90.6000000000000     
   90.7200000000000     
   90.8400000000000     
   90.9600000000000     
   91.0800000000000     
   91.2000000000000     
   91.3200000000000     
   91.4400000000000     
   91.5600000000000     
   91.6800000000000     
   91.8000000000000     
   91.9200000000000     
   92.0400000000000     
   92.1600000000000     
   92.2800000000000     
   92.4000000000000     
   92.5200000000000     
   92.6400000000000     
   92.7600000000000     
   92.8800000000000     
   93.0000000000000     
   93.1200000000000     
   93.2400000000000     
   93.3600000000000     
   93.4800000000000     
   93.6000000000000     
   93.7200000000000     
   93.8400000000000     
   93.9600000000000     
   94.0800000000000     
   94.2000000000000     
   94.3200000000000     
   94.4400000000000     
   94.5600000000000     
   94.6800000000000     
   94.8000000000000     
   94.9200000000000     
   95.0400000000000     
   95.1600000000000     
   95.2800000000000     
   95.4000000000000     
   95.5200000000000     
   95.6400000000000     
   95.7600000000000     
   95.8800000000000     
   96.0000000000000     
   96.1200000000000     
   96.2400000000000     
   96.3600000000000     
   96.4800000000000     
   96.6000000000000     
   96.7200000000000     
   96.8400000000000     
   96.9600000000000     
   97.0800000000000     
   97.2000000000000     
   97.3200000000000     
   97.4400000000000     
   97.5600000000000     
   97.6800000000000     
   97.8000000000000     
   97.9200000000000     
   98.0400000000000     
   98.1600000000000     
   98.2800000000000     
   98.4000000000000     
   98.5200000000000     
   98.6400000000000     
   98.7600000000000     
   98.8800000000000     
   99.0000000000000     
   99.1200000000000     
   99.2400000000000     
   99.3600000000000     
   99.4800000000000     
   99.6000000000000     
   99.7200000000000     
   99.8400000000000     
   99.9600000000000     
   100.080000000000     
   100.200000000000     
   100.320000000000     
   100.440000000000     
   100.560000000000     
   100.680000000000     
   100.800000000000     
   100.920000000000     
   101.040000000000     
   101.160000000000     
   101.280000000000     
   101.400000000000     
   101.520000000000     
   101.640000000000     
   101.760000000000     
   101.880000000000     
   102.000000000000     
   102.120000000000     
   102.240000000000     
   102.360000000000     
   102.480000000000     
   102.600000000000     
   102.720000000000     
   102.840000000000     
   102.960000000000     
   103.080000000000     
   103.200000000000     
   103.320000000000     
   103.440000000000     
   103.560000000000     
   103.680000000000     
   103.800000000000     
   103.920000000000     
   104.040000000000     
   104.160000000000     
   104.280000000000     
   104.400000000000     
   104.520000000000     
   104.640000000000     
   104.760000000000     
   104.880000000000     
   105.000000000000     
   105.120000000000     
   105.240000000000     
   105.360000000000     
   105.480000000000     
   105.600000000000     
   105.720000000000     
   105.840000000000     
   105.960000000000     
   106.080000000000     
   106.200000000000     
   106.320000000000     
   106.440000000000     
   106.560000000000     
   106.680000000000     
   106.800000000000     
   106.920000000000     
   107.040000000000     
   107.160000000000     
   107.280000000000     
   107.400000000000     
   107.520000000000     
   107.640000000000     
   107.760000000000     
   107.880000000000     
   108.000000000000     
   108.120000000000     
   108.240000000000     
   108.360000000000     
   108.480000000000     
   108.600000000000     
   108.720000000000     
   108.840000000000     
   108.960000000000     
   109.080000000000     
   109.200000000000     
   109.320000000000     
   109.440000000000     
   109.560000000000     
   109.680000000000     
   109.800000000000     
   109.920000000000     
   110.040000000000     
   110.160000000000     
   110.280000000000     
   110.400000000000     
   110.520000000000     
   110.640000000000     
   110.760000000000     
   110.880000000000     
   111.000000000000     
   111.120000000000     
   111.240000000000     
   111.360000000000     
   111.480000000000     
   111.600000000000     
   111.720000000000     
   111.840000000000     
   111.960000000000     
   112.080000000000     
   112.200000000000     
   112.320000000000     
   112.440000000000     
   112.560000000000     
   112.680000000000     
   112.800000000000     
   112.920000000000     
   113.040000000000     
   113.160000000000     
   113.280000000000     
   113.400000000000     
   113.520000000000     
   113.640000000000     
   113.760000000000     
   113.880000000000     
   114.000000000000     
   114.120000000000     
   114.240000000000     
   114.360000000000     
   114.480000000000     
   114.600000000000     
   114.720000000000     
   114.840000000000     
   114.960000000000     
   115.080000000000     
   115.200000000000     
   115.320000000000     
   115.440000000000     
   115.560000000000     
   115.680000000000     
   115.800000000000     
   115.920000000000     
   116.040000000000     
   116.160000000000     
   116.280000000000     
   116.400000000000     
   116.520000000000     
   116.640000000000     
   116.760000000000     
   116.880000000000     
   117.000000000000     
   117.120000000000     
   117.240000000000     
   117.360000000000     
   117.480000000000     
   117.600000000000     
   117.720000000000     
   117.840000000000     
   117.960000000000     
   118.080000000000     
   118.200000000000     
   118.320000000000     
   118.440000000000     
   118.560000000000     
   118.680000000000     
   118.800000000000     
   118.920000000000     
   119.040000000000     
   119.160000000000     
   119.280000000000     
   119.400000000000     
   119.520000000000     
   119.640000000000     
   119.760000000000     
   119.880000000000     
   120.000000000000     
   120.120000000000     
   120.240000000000     
   120.360000000000     
   120.480000000000     
   120.600000000000     
   120.720000000000     
   120.840000000000     
   120.960000000000     
   121.080000000000     
   121.200000000000     
   121.320000000000     
   121.440000000000     
   121.560000000000     
   121.680000000000     
   121.800000000000     
   121.920000000000     
   122.040000000000     
   122.160000000000     
   122.280000000000     
   122.400000000000     
   122.520000000000     
   122.640000000000     
   122.760000000000     
   122.880000000000     
   123.000000000000     
   123.120000000000     
   123.240000000000     
   123.360000000000     
   123.480000000000     
   123.600000000000     
   123.720000000000     
   123.840000000000     
   123.960000000000     
   124.080000000000     
   124.200000000000     
   124.320000000000     
   124.440000000000     
   124.560000000000     
   124.680000000000     
   124.800000000000     
   124.920000000000     
   125.040000000000     
   125.160000000000     
   125.280000000000     
   125.400000000000     
   125.520000000000     
   125.640000000000     
   125.760000000000     
   125.880000000000     
   126.000000000000     
